0.978068
0.956614
0.93563
0.915104
0.895027
0.875388
0.856179
0.837389
0.81901
0.801033
0.783448
0.766248
0.749424
0.732967
0.71687
0.701124
0.685723
0.670658
0.655923
0.641509
0.627411
0.61362
0.600131
0.586937
0.574031
0.561407
0.549059
0.53698
0.525166
0.51361
0.502306
0.491249
0.480434
0.469856
0.459508
0.449387
0.439486
0.429803
0.42033
0.411065
0.402002
0.393137
0.384466
0.375985
0.367689
0.359574
0.351636
0.343872
0.336277
0.328849
0.321583
0.314475
0.307523
0.300723
0.294071
0.287565
0.281201
0.274976
0.268887
0.262931
0.257106
0.251407
0.245833
0.240381
0.235048
0.229832
0.224729
0.219738
0.214857
0.210081
0.205411
0.200842
0.196373
0.192002
0.187726
0.183544
0.179453
0.175451
0.171537
0.167708
0.163964
0.160301
0.156718
0.153213
0.149785
0.146431
0.143152
0.139943
0.136805
0.133736
0.130733
0.127796
0.124923
0.122114
0.119365
0.116677
0.114047
0.111475
0.108959
0.106497
0.10409
0.101736
0.0994323
0.0971794
0.0949757
0.0928202
0.0907118
0.0886495
0.0866323
0.0846591
0.082729
0.0808411
0.0789945
0.0771882
0.0754214
0.0736932
0.0720028
0.0703493
0.068732
0.0671499
0.0656025
0.0640889
0.0626083
0.0611601
0.0597436
0.058358
0.0570027
0.055677
0.0543802
0.0531118
0.0518712
0.0506576
0.0494706
0.0483095
0.0471737
0.0460628
0.0449762
0.0439133
0.0428736
0.0418567
0.0408619
0.039889
0.0389372
0.0380063
0.0370957
0.036205
0.0353338
0.0344816
0.0336481
0.0328327
0.0320352
0.0312551
0.030492
0.0297457
0.0290156
0.0283015
0.027603
0.0269197
0.0262514
0.0255977
0.0249583
0.0243328
0.023721
0.0231226
0.0225373
0.0219647
0.0214047
0.0208569
0.0203211
0.0197969
0.0192843
0.0187828
0.0182923
0.0178125
0.0173432
0.0168842
0.0164352
0.015996
0.0155664
0.0151461
0.0147351
0.014333
0.0139398
0.0135551
0.0131788
0.0128108
0.0124508
0.0120987
0.0117542
0.0114173
0.0110878
0.0107654
0.0104501
0.0101417
0.00984002
0.00954493
0.0092563
0.00897397
0.00869781
0.00842769
0.00816347
0.00790502
0.00765222
0.00740495
0.00716308
0.00692649
0.00669508
0.00646872
0.00624731
0.00603073
0.00581889
0.00561168
0.005409
0.00521074
0.00501682
0.00482714
0.0046416
0.00446011
0.00428259
0.00410895
0.00393911
0.00377297
0.00361047
0.00345152
0.00329604
0.00314396
0.0029952
0.00284969
0.00270737
0.00256815
0.00243197
0.00229877
0.00216848
0.00204104
0.00191639
0.00179445
0.00167519
0.00155852
0.00144441
0.00133279
0.00122361
0.00111682
0.00101236
0.000910181
0.000810237
0.000712476
0.000616852
0.000523317
0.000431827
0.000342335
0.000254799
0.000169177
8.54246e-05
3.50295e-06
7.66286e-05
0.000155009
0.000231677
0.000306669
0.000380022
0.000451773
0.000521956
0.000590605
0.000657753
0.000723435
0.000787681
0.000850523
0.000911992
0.000972118
0.00103093
0.00108846
0.00114473
0.00119977
0.0012536
0.00130626
0.00135777
0.00140816
0.00145744
0.00150565
0.0015528
0.00159892
0.00164404
0.00168817
0.00173133
0.00177355
0.00181485
0.00185525
0.00189476
0.00193341
0.00197122
0.00200819
0.00204437
0.00207975
0.00211435
0.00214821
0.00218132
0.0022137
0.00224539
0.00227637
0.00230668
0.00233633
0.00236533
0.0023937
0.00242145
0.00244859
0.00247513
0.0025011
0.0025265
0.00255135
0.00257565
0.00259942
0.00262267
0.00264541
0.00266766
0.00268942
0.00271071
0.00273152
0.00275189
0.00277181
0.00279129
0.00281035
0.00282899
0.00284723
0.00286506
0.00288251
0.00289958
0.00291627
0.0029326
0.00294857
0.00296419
0.00297947
0.00299441
0.00300903
0.00302334
0.00303732
0.00305101
0.00306439
0.00307748
0.00309028
0.00310281
0.00311506
0.00312704
0.00313876
0.00315023
0.00316144
0.00317241
0.00318314
0.00319364
0.00320391
0.00321395
0.00322377
0.00323338
0.00324278
0.00325197
0.00326096
0.00326976
0.00327836
0.00328677
0.003295
0.00330306
0.00331093
0.00331863
0.00332617
0.00333354
0.00334075
0.0033478
0.0033547
0.00336144
0.00336804
0.0033745
0.00338081
0.00338699
0.00339303
0.00339894
0.00340472
0.00341037
0.0034159
0.00342131
0.0034266
0.00343178
0.00343684
0.00344179
0.00344664
0.00345137
0.00345601
0.00346054
0.00346498
0.00346931
0.00347355
0.0034777
0.00348176
0.00348573
0.00348962
0.00349341
0.00349713
0.00350076
0.00350432
0.0035078
0.0035112
0.00351452
0.00351778
0.00352096
0.00352407
0.00352712
0.0035301
0.00353301
0.00353586
0.00353865
0.00354138
0.00354405
0.00354665
0.00354921
0.0035517
0.00355414
0.00355653
0.00355887
0.00356115
0.00356339
0.00356558
0.00356771
0.00356981
0.00357185
0.00357385
0.00357581
0.00357773
0.0035796
0.00358143
0.00358322
0.00358498
0.00358669
0.00358837
0.00359001
0.00359161
0.00359318
0.00359472
0.00359622
0.00359769
0.00359913
0.00360053
0.00360191
0.00360325
0.00360457
0.00360585
0.00360711
0.00360834
0.00360955
0.00361072
0.00361188
0.003613
0.0036141
0.00361518
0.00361624
0.00361727
0.00361828
0.00361926
0.00362023
0.00362117
0.0036221
0.003623
0.00362388
0.00362475
0.00362559
0.00362642
0.00362723
0.00362802
0.0036288
0.00362955
0.00363029
0.00363102
0.00363173
0.00363242
0.0036331
0.00363376
0.00363441
0.00363504
0.00363566
0.00363627
0.00363686
0.00363745
0.00363801
0.00363857
0.00363911
0.00363964
0.00364016
0.00364067
0.00364117
0.00364166
0.00364213
0.0036426
0.00364305
0.0036435
0.00364394
0.00364436
0.00364478
0.00364519
0.00364559
0.00364598
0.00364636
0.00364673
0.0036471
0.00364745
0.0036478
0.00364814
0.00364848
0.0036488
0.00364912
0.00364944
0.00364974
0.00365004
0.00365034
0.00365062
0.0036509
0.00365118
0.00365144
0.00365171
0.00365196
0.00365221
0.00365246
0.0036527
0.00365293
0.00365316
0.00365339
0.00365361
0.00365382
0.00365403
0.00365424
0.00365444
0.00365464
0.00365483
0.00365502
0.0036552
0.00365538
0.00365556
0.00365573
0.0036559
0.00365606
0.00365622
0.00365638
0.00365654
0.00365669
0.00365683
0.00365698
0.00365712
0.00365726
0.00365739
0.00365752
0.00365765
0.00365778
0.0036579
0.00365803
0.00365814
0.00365826
0.00365837
0.00365848
0.00365859
0.0036587
0.0036588
0.0036589
0.003659
0.0036591
0.00365919
0.00365929
0.00365938
0.00365947
0.00365955
0.00365964
0.00365972
0.0036598
0.00365988
0.00365996
0.00366004
0.00366011
0.00366018
0.00366025
0.00366032
0.00366039
0.00366046
0.00366052
0.00366059
0.00366065
0.00366071
0.00366077
0.00366083
0.00366089
0.00366094
0.003661
0.00366105
0.0036611
0.00366115
0.0036612
0.00366125
0.0036613
0.00366135
0.00366139
0.00366144
0.00366148
0.00366152
0.00366157
0.00366161
0.00366165
0.00366169
0.00366172
0.00366176
0.0036618
0.00366183
0.00366187
0.0036619
0.00366194
0.00366197
0.003662
0.00366203
0.00366206
0.00366209
0.00366212
0.00366215
0.00366218
0.00366221
0.00366223
0.00366226
0.00366229
0.00366231
0.00366234
0.00366236
0.00366238
0.00366241
0.00366243
0.00366245
0.00366247
0.00366249
0.00366252
0.00366254
0.00366256
0.00366257
0.00366259
0.00366261
0.00366263
0.00366265
0.00366267
0.00366268
0.0036627
0.00366272
0.00366273
0.00366275
0.00366276
0.00366278
0.00366279
0.00366281
0.00366282
0.00366283
0.00366285
0.00366286
0.00366287
0.00366288
0.0036629
0.00366291
0.00366292
0.00366293
0.00366294
0.00366295
0.00366296
0.00366297
0.00366298
0.00366299
0.003663
0.00366301
0.00366302
0.00366303
0.00366304
0.00366305
0.00366306
0.00366307
0.00366307
0.00366308
0.00366309
0.0036631
0.00366311
0.00366311
0.00366312
0.00366313
0.00366313
0.00366314
0.00366315
0.00366315
0.00366316
0.00366317
0.00366317
0.00366318
0.00366318
0.00366319
0.00366319
0.0036632
0.00366321
0.00366321
0.00366322
0.00366322
0.00366323
0.00366323
0.00366323
0.00366324
0.00366324
0.00366325
0.00366325
0.00366326
0.00366326
0.00366326
0.00366327
0.00366327
0.00366328
0.00366328
0.00366328
0.00366329
0.00366329
0.00366329
0.0036633
0.0036633
0.0036633
0.0036633
0.00366331
0.00366331
0.00366331
0.00366332
0.00366332
0.00366332
0.00366332
0.00366333
0.00366333
0.00366333
0.00366333
0.00366334
0.00366334
0.00366334
0.00366334
0.00366335
0.00366335
0.00366335
0.00366335
0.00366335
0.00366336
0.00366336
0.00366336
0.00366336
0.00366336
0.00366336
0.00366337
0.00366337
0.00366337
0.00366337
0.00366337
0.00366337
0.00366337
0.00366338
0.00366338
0.00366338
0.00366338
0.00366338
0.00366338
0.00366338
0.00366339
0.00366339
0.00366339
0.00366339
0.00366339
0.00366339
0.00366339
0.00366339
0.00366339
0.0036634
0.0036634
0.0036634
0.0036634
0.0036634
0.0036634
0.0036634
0.0036634
0.0036634
0.0036634
0.0036634
0.00366341
0.00366341
0.00366341
0.00366341
0.00366341
0.00366341
0.00366341
0.00366341
0.00366341
0.00366341
0.00366341
0.00366341
0.00366341
0.00366341
0.00366341
0.00366341
0.00366342
0.00366342
0.00366342
0.00366342
0.00366342
0.00366342
0.00366342
0.00366342
0.00366342
0.00366342
0.00366342
0.00366342
0.00366342
0.00366342
0.00366342
0.00366342
0.00366342
0.00366342
0.00366342
0.00366342
0.00366342
0.00366342
0.00366343
0.00366343
0.00366343
0.00366343
0.00366343
0.00366343
0.00366343
0.00366343
0.00366343
0.00366343
0.00366343
0.00366343
0.00366343
0.00366343
0.00366343
0.00366343
0.00366343
0.00366343
0.00366343
0.00366343
0.00366343
