1
7.859e-07
7.859e-07
7.859e-07
7.859e-07
7.859e-07
7.859e-07
7.859e-07
7.859e-07
7.859e-07
7.859e-07
7.859e-07
7.859e-07
7.859e-07
7.859e-07
7.859e-07
7.859e-07
7.859e-07
7.859e-07
7.859e-07
7.859e-07
7.859e-07
7.859e-07
7.859e-07
7.859e-07
7.859e-07
7.859e-07
7.859e-07
7.859e-07
7.859e-07
7.859e-07
7.859e-07
7.859e-07
7.859e-07
7.859e-07
7.859e-07
7.859e-07
7.859e-07
7.859e-07
7.859e-07
7.859e-07
7.859e-07
7.859e-07
7.859e-07
7.859e-07
7.859e-07
7.859e-07
7.859e-07
7.859e-07
7.859e-07
7.859e-07
7.859e-07
7.859e-07
7.859e-07
7.859e-07
7.859e-07
7.859e-07
7.859e-07
7.859e-07
