1
0.999969
0.999938
0.999907
0.999876
0.999845
0.999814
0.999784
0.999753
0.999722
0.999691
0.99966
0.999629
0.999599
0.999568
0.999537
0.999507
0.999476
0.999445
0.999415
0.999384
0.999353
0.999323
0.999292
0.999262
0.999231
0.999201
0.99917
0.99914
0.999109
0.999079
0.999048
0.999018
0.998988
0.998957
0.998927
0.998896
0.998866
0.998836
0.998806
0.998775
0.998745
0.998715
0.998685
0.998655
0.998624
0.998594
0.998564
0.998534
0.998504
0.998474
0.998444
0.998414
0.998384
0.998354
0.998324
0.998294
0.998264
0.998234
0.998204
0.998174
0.998144
0.998115
0.998085
0.998055
0.998025
0.997995
0.997966
0.997936
0.997906
0.997876
0.997847
0.997817
0.997787
0.997758
0.997728
0.997699
0.997669
0.997639
0.99761
0.99758
0.997551
0.997521
0.997492
0.997462
0.997433
0.997404
0.997374
0.997345
0.997315
0.997286
0.997257
0.997228
0.997198
0.997169
0.99714
0.99711
0.997081
0.997052
0.997023
0.996994
0.996965
0.996935
0.996906
0.996877
0.996848
0.996819
0.99679
0.996761
0.996732
0.996703
0.996674
0.996645
0.996616
0.996587
0.996558
0.99653
0.996501
0.996472
0.996443
0.996414
0.996385
0.996357
0.996328
0.996299
0.99627
0.996242
0.996213
0.996184
0.996156
0.996127
0.996099
0.99607
0.996041
0.996013
0.995984
0.995956
0.995927
0.995899
0.99587
0.995842
0.995813
0.995785
0.995757
0.995728
0.9957
0.995671
0.995643
0.995615
0.995586
0.995558
0.99553
0.995502
0.995473
0.995445
0.995417
0.995389
0.995361
0.995333
0.995304
0.995276
0.995248
0.99522
0.995192
0.995164
0.995136
0.995108
0.99508
0.995052
0.995024
0.994996
0.994968
0.99494
0.994912
0.994885
0.994857
0.994829
0.994801
0.994773
0.994746
0.994718
0.99469
0.994662
0.994635
0.994607
0.994579
0.994551
0.994524
0.994496
0.994469
0.994441
0.994413
0.994386
0.994358
0.994331
0.994303
0.994276
0.994248
0.994221
0.994193
0.994166
0.994139
0.994111
0.994084
0.994056
0.994029
0.994002
0.993974
0.993947
0.99392
0.993893
0.993865
0.993838
0.993811
0.993784
0.993756
0.993729
0.993702
0.993675
0.993648
0.993621
0.993594
0.993567
0.99354
0.993513
0.993486
0.993459
0.993432
0.993405
0.993378
0.993351
0.993324
0.993297
0.99327
0.993243
0.993216
0.99319
0.993163
0.993136
0.993109
0.993082
0.993056
0.993029
0.993002
0.992975
0.992949
0.992922
0.992895
0.992869
0.992842
0.992816
0.992789
0.992762
0.992736
0.992709
0.992683
0.992656
0.99263
0.992603
0.992577
0.99255
0.992524
0.992498
0.992471
0.992445
0.992418
0.992392
0.992366
0.992339
0.992313
0.992287
0.992261
0.992234
0.992208
0.992182
0.992156
0.99213
0.992103
0.992077
0.992051
0.992025
0.991999
0.991973
0.991947
0.991921
0.991895
0.991869
0.991843
0.991817
0.991791
0.991765
0.991739
0.991713
0.991687
0.991661
0.991635
0.991609
0.991583
0.991558
0.991532
0.991506
0.99148
0.991454
0.991429
0.991403
0.991377
0.991351
0.991326
0.9913
0.991274
0.991249
0.991223
0.991198
0.991172
0.991146
0.991121
0.991095
0.99107
0.991044
0.991019
0.990993
0.990968
0.990942
0.990917
0.990891
0.990866
0.990841
0.990815
0.99079
0.990764
0.990739
0.990714
0.990689
0.990663
0.990638
0.990613
0.990587
0.990562
0.990537
0.990512
0.990487
0.990462
0.990436
0.990411
0.990386
0.990361
0.990336
0.990311
0.990286
0.990261
0.990236
0.990211
0.990186
0.990161
0.990136
0.990111
0.990086
0.990061
0.990036
0.990011
0.989986
0.989961
0.989937
0.989912
0.989887
0.989862
0.989837
0.989813
0.989788
0.989763
0.989738
0.989714
0.989689
0.989664
0.98964
0.989615
0.98959
0.989566
0.989541
0.989517
0.989492
0.989468
0.989443
0.989418
0.989394
0.989369
0.989345
0.98932
0.989296
0.989272
0.989247
0.989223
0.989198
0.989174
0.98915
0.989125
0.989101
0.989077
0.989052
0.989028
0.989004
0.98898
0.988955
0.988931
0.988907
0.988883
0.988858
0.988834
0.98881
0.988786
0.988762
0.988738
0.988714
0.98869
0.988666
0.988642
0.988617
0.988593
0.988569
0.988545
0.988521
0.988498
0.988474
0.98845
0.988426
0.988402
0.988378
0.988354
0.98833
0.988306
0.988283
0.988259
0.988235
0.988211
0.988187
0.988164
0.98814
0.988116
0.988092
0.988069
0.988045
0.988021
0.987998
0.987974
0.98795
0.987927
0.987903
0.98788
0.987856
0.987833
0.987809
0.987785
0.987762
0.987738
0.987715
0.987692
0.987668
0.987645
0.987621
0.987598
0.987574
0.987551
0.987528
0.987504
0.987481
0.987458
0.987434
0.987411
0.987388
0.987364
0.987341
0.987318
0.987295
0.987272
0.987248
0.987225
0.987202
0.987179
0.987156
0.987133
0.987109
0.987086
0.987063
0.98704
0.987017
0.986994
0.986971
0.986948
0.986925
0.986902
0.986879
0.986856
0.986833
0.98681
0.986787
0.986764
0.986742
0.986719
0.986696
0.986673
0.98665
0.986627
0.986605
0.986582
0.986559
0.986536
0.986513
0.986491
0.986468
0.986445
0.986423
0.9864
0.986377
0.986355
0.986332
0.986309
0.986287
0.986264
0.986242
0.986219
0.986196
0.986174
0.986151
0.986129
0.986106
0.986084
0.986061
0.986039
0.986017
0.985994
0.985972
0.985949
0.985927
0.985905
0.985882
0.98586
0.985837
0.985815
0.985793
0.985771
0.985748
0.985726
0.985704
0.985682
0.985659
0.985637
0.985615
0.985593
0.985571
0.985548
0.985526
0.985504
0.985482
0.98546
0.985438
0.985416
0.985394
0.985372
0.98535
0.985328
0.985306
0.985284
0.985262
0.98524
0.985218
0.985196
0.985174
0.985152
0.98513
0.985108
0.985086
0.985064
0.985043
0.985021
0.984999
0.984977
0.984955
0.984933
0.984912
0.98489
0.984868
0.984847
0.984825
0.984803
0.984781
0.98476
0.984738
0.984716
0.984695
0.984673
0.984652
0.98463
0.984608
0.984587
0.984565
0.984544
0.984522
0.984501
0.984479
0.984458
0.984436
0.984415
0.984393
0.984372
0.98435
0.984329
0.984308
0.984286
0.984265
0.984244
0.984222
0.984201
0.98418
0.984158
0.984137
0.984116
0.984094
0.984073
0.984052
0.984031
0.984009
0.983988
0.983967
0.983946
0.983925
0.983904
0.983882
0.983861
0.98384
0.983819
0.983798
0.983777
0.983756
0.983735
0.983714
0.983693
0.983672
0.983651
0.98363
0.983609
0.983588
0.983567
0.983546
0.983525
0.983504
0.983483
0.983462
0.983442
0.983421
0.9834
0.983379
0.983358
0.983337
0.983317
0.983296
0.983275
0.983254
0.983234
0.983213
0.983192
0.983171
0.983151
0.98313
0.983109
0.983089
0.983068
0.983047
0.983027
0.983006
0.982986
0.982965
0.982945
0.982924
0.982903
0.982883
0.982862
0.982842
0.982821
0.982801
0.98278
0.98276
0.98274
0.982719
0.982699
0.982678
0.982658
0.982638
0.982617
0.982597
0.982577
0.982556
0.982536
0.982516
0.982495
0.982475
0.982455
0.982435
0.982414
0.982394
0.982374
0.982354
0.982333
0.982313
0.982293
0.982273
0.982253
0.982233
0.982213
0.982192
0.982172
0.982152
0.982132
0.982112
0.982092
0.982072
0.982052
0.982032
0.982012
0.981992
0.981972
0.981952
0.981932
0.981912
0.981892
0.981872
0.981853
0.981833
0.981813
0.981793
0.981773
0.981753
0.981733
0.981714
0.981694
0.981674
0.981654
0.981635
0.981615
0.981595
0.981575
0.981556
0.981536
0.981516
0.981497
0.981477
0.981457
0.981438
0.981418
0.981398
0.981379
0.981359
0.98134
0.98132
0.9813
0.981281
0.981261
0.981242
0.981222
0.981203
0.981183
0.981164
0.981144
0.981125
0.981106
0.981086
0.981067
0.981047
0.981028
0.981009
0.980989
0.98097
0.98095
0.980931
0.980912
0.980893
0.980873
0.980854
0.980835
0.980815
0.980796
0.980777
0.980758
0.980738
0.980719
0.9807
0.980681
0.980662
0.980643
0.980623
0.980604
0.980585
0.980566
0.980547
0.980528
0.980509
0.98049
0.980471
0.980452
0.980433
0.980414
0.980395
0.980376
0.980357
0.980338
0.980319
0.9803
0.980281
0.980262
0.980243
0.980224
0.980205
0.980186
0.980168
0.980149
0.98013
0.980111
0.980092
0.980073
0.980055
0.980036
0.980017
0.979998
0.97998
0.979961
0.979942
0.979923
0.979905
0.979886
0.979867
0.979849
0.97983
0.979811
0.979793
0.979774
0.979755
0.979737
0.979718
0.9797
0.979681
0.979663
0.979644
0.979625
0.979607
0.979588
0.97957
0.979551
0.979533
0.979515
0.979496
0.979478
0.979459
0.979441
0.979422
0.979404
0.979386
0.979367
0.979349
0.979331
0.979312
0.979294
0.979276
0.979257
0.979239
0.979221
0.979202
0.979184
0.979166
0.979148
0.979129
0.979111
0.979093
0.979075
0.979057
0.979038
0.97902
0.979002
0.978984
0.978966
0.978948
0.97893
0.978912
0.978893
0.978875
0.978857
0.978839
0.978821
0.978803
0.978785
0.978767
0.978749
0.978731
0.978713
0.978695
0.978677
0.978659
0.978641
0.978624
0.978606
0.978588
0.97857
0.978552
0.978534
0.978516
0.978498
0.978481
0.978463
0.978445
0.978427
0.978409
0.978392
0.978374
0.978356
0.978338
0.978321
0.978303
0.978285
0.978267
0.97825
0.978232
0.978214
0.978197
0.978179
0.978161
0.978144
0.978126
0.978109
0.978091
0.978073
0.978056
0.978038
0.978021
0.978003
0.977986
0.977968
0.977951
0.977933
0.977916
0.977898
0.977881
0.977863
0.977846
0.977828
0.977811
0.977794
0.977776
0.977759
0.977741
0.977724
0.977707
0.977689
0.977672
0.977655
0.977637
0.97762
0.977603
0.977586
0.977568
0.977551
0.977534
0.977516
0.977499
0.977482
0.977465
0.977448
0.97743
0.977413
0.977396
0.977379
0.977362
0.977345
0.977328
0.97731
0.977293
0.977276
0.977259
0.977242
0.977225
0.977208
0.977191
0.977174
0.977157
0.97714
0.977123
0.977106
0.977089
0.977072
0.977055
0.977038
0.977021
0.977004
0.976987
0.97697
0.976953
0.976937
0.97692
0.976903
0.976886
0.976869
0.976852
0.976835
0.976819
0.976802
0.976785
0.976768
0.976751
0.976735
0.976718
0.976701
0.976684
0.976668
0.976651
0.976634
0.976618
0.976601
0.976584
0.976568
0.976551
0.976534
0.976518
0.976501
0.976484
0.976468
0.976451
0.976435
0.976418
0.976402
0.976385
0.976369
0.976352
0.976335
0.976319
0.976302
0.976286
0.976269
0.976253
0.976237
0.97622
0.976204
0.976187
0.976171
0.976154
0.976138
0.976122
0.976105
0.976089
0.976073
0.976056
0.97604
0.976024
0.976007
0.975991
0.975975
0.975958
0.975942
0.975926
0.97591
0.975893
0.975877
0.975861
0.975845
0.975828
0.975812
0.975796
0.97578
0.975764
0.975747
0.975731
0.975715
0.975699
0.975683
0.975667
0.975651
0.975635
0.975619
0.975603
0.975586
0.97557
0.975554
0.975538
0.975522
0.975506
0.97549
0.975474
0.975458
0.975442
0.975426
0.97541
0.975394
0.975379
0.975363
0.975347
0.975331
0.975315
0.975299
0.975283
0.975267
0.975251
0.975236
0.97522
0.975204
0.975188
0.975172
0.975157
0.975141
0.975125
0.975109
0.975093
0.975078
0.975062
0.975046
0.975031
0.975015
0.974999
0.974983
0.974968
0.974952
0.974936
0.974921
0.974905
0.974889
0.974874
0.974858
0.974843
0.974827
0.974811
0.974796
0.97478
0.974765
0.974749
0.974734
0.974718
0.974703
0.974687
0.974672
0.974656
0.974641
0.974625
0.97461
0.974594
0.974579
0.974563
0.974548
0.974533
0.974517
0.974502
0.974486
0.974471
0.974456
0.97444
0.974425
0.97441
0.974394
0.974379
0.974364
0.974348
0.974333
0.974318
0.974302
0.974287
0.974272
0.974257
0.974241
0.974226
0.974211
0.974196
0.974181
0.974165
0.97415
0.974135
0.97412
0.974105
0.97409
0.974074
0.974059
0.974044
0.974029
0.974014
0.973999
0.973984
0.973969
0.973954
0.973939
0.973924
0.973909
0.973894
0.973879
0.973864
0.973849
0.973834
0.973819
0.973804
0.973789
0.973774
0.973759
0.973744
0.973729
0.973714
0.973699
0.973684
0.973669
0.973654
0.97364
0.973625
0.97361
0.973595
0.97358
0.973565
0.973551
0.973536
0.973521
0.973506
0.973491
0.973477
0.973462
0.973447
0.973432
0.973418
0.973403
0.973388
0.973373
0.973359
0.973344
0.973329
0.973315
0.9733
0.973285
0.973271
0.973256
0.973242
0.973227
0.973212
0.973198
0.973183
0.973169
0.973154
0.973139
0.973125
0.97311
0.973096
0.973081
0.973067
0.973052
0.973038
0.973023
0.973009
0.972994
0.97298
0.972965
0.972951
0.972936
0.972922
0.972908
0.972893
0.972879
0.972864
0.97285
0.972836
0.972821
0.972807
0.972793
0.972778
0.972764
0.97275
0.972735
0.972721
0.972707
0.972692
0.972678
0.972664
0.97265
0.972635
0.972621
0.972607
0.972593
0.972578
0.972564
0.97255
0.972536
0.972522
0.972507
0.972493
0.972479
0.972465
0.972451
0.972437
0.972423
0.972408
0.972394
0.97238
0.972366
0.972352
0.972338
0.972324
0.97231
0.972296
0.972282
0.972268
0.972254
0.97224
0.972226
0.972212
0.972198
0.972184
0.97217
0.972156
0.972142
0.972128
0.972114
0.9721
0.972086
0.972072
0.972058
0.972045
0.972031
0.972017
0.972003
0.971989
0.971975
0.971961
0.971947
0.971934
0.97192
0.971906
0.971892
0.971878
0.971865
0.971851
0.971837
0.971823
0.97181
0.971796
0.971782
0.971768
0.971755
0.971741
0.971727
0.971714
0.9717
0.971686
0.971673
0.971659
0.971645
0.971632
0.971618
0.971604
0.971591
0.971577
0.971564
0.97155
0.971536
0.971523
0.971509
0.971496
0.971482
0.971469
0.971455
0.971442
0.971428
0.971415
0.971401
0.971388
0.971374
0.971361
0.971347
0.971334
0.97132
0.971307
0.971293
0.97128
0.971267
0.971253
0.97124
0.971226
0.971213
0.9712
0.971186
0.971173
0.97116
0.971146
0.971133
0.97112
0.971106
0.971093
0.97108
0.971066
0.971053
0.97104
0.971026
0.971013
0.971
0.970987
0.970973
0.97096
0.970947
0.970934
0.970921
0.970907
0.970894
0.970881
0.970868
0.970855
0.970842
0.970828
0.970815
0.970802
0.970789
0.970776
0.970763
0.97075
0.970737
0.970724
0.97071
0.970697
0.970684
0.970671
0.970658
0.970645
0.970632
0.970619
0.970606
0.970593
0.97058
0.970567
0.970554
0.970541
0.970528
0.970515
0.970502
0.970489
0.970476
0.970464
0.970451
0.970438
0.970425
0.970412
0.970399
0.970386
0.970373
0.97036
0.970348
0.970335
0.970322
0.970309
0.970296
0.970283
0.970271
0.970258
0.970245
0.970232
0.970219
0.970207
0.970194
0.970181
0.970168
0.970156
0.970143
0.97013
0.970118
0.970105
0.970092
0.970079
0.970067
0.970054
0.970041
0.970029
0.970016
0.970004
0.969991
0.969978
0.969966
0.969953
0.96994
0.969928
0.969915
0.969903
0.96989
0.969878
0.969865
0.969852
0.96984
0.969827
0.969815
0.969802
0.96979
0.969777
0.969765
0.969752
0.96974
0.969727
0.969715
0.969702
0.96969
0.969677
0.969665
0.969653
0.96964
0.969628
0.969615
0.969603
0.969591
0.969578
0.969566
0.969553
0.969541
0.969529
0.969516
0.969504
0.969492
0.969479
0.969467
0.969455
0.969443
0.96943
0.969418
0.969406
0.969393
0.969381
0.969369
0.969357
0.969344
0.969332
0.96932
0.969308
0.969296
0.969283
0.969271
0.969259
0.969247
0.969235
0.969222
0.96921
0.969198
0.969186
0.969174
0.969162
0.96915
0.969137
0.969125
0.969113
0.969101
0.969089
0.969077
0.969065
0.969053
0.969041
0.969029
0.969017
0.969005
0.968993
0.968981
0.968969
0.968957
0.968945
0.968933
0.968921
0.968909
0.968897
0.968885
0.968873
0.968861
0.968849
0.968837
0.968825
0.968813
0.968801
0.968789
0.968778
0.968766
0.968754
0.968742
0.96873
0.968718
0.968706
0.968694
0.968683
0.968671
0.968659
0.968647
0.968635
0.968624
0.968612
0.9686
0.968588
0.968576
0.968565
0.968553
0.968541
0.968529
0.968518
0.968506
0.968494
0.968483
0.968471
0.968459
0.968447
0.968436
0.968424
0.968412
0.968401
0.968389
0.968378
0.968366
0.968354
0.968343
0.968331
0.968319
0.968308
0.968296
0.968285
0.968273
0.968261
0.96825
0.968238
0.968227
0.968215
0.968204
0.968192
0.968181
0.968169
0.968158
0.968146
0.968135
0.968123
0.968112
0.9681
0.968089
0.968077
0.968066
0.968054
0.968043
0.968031
0.96802
0.968009
0.967997
0.967986
0.967974
0.967963
0.967952
0.96794
0.967929
0.967917
0.967906
0.967895
0.967883
0.967872
0.967861
0.967849
0.967838
0.967827
0.967815
0.967804
0.967793
0.967782
0.96777
0.967759
0.967748
0.967737
0.967725
0.967714
0.967703
0.967692
0.96768
0.967669
0.967658
0.967647
0.967636
0.967624
0.967613
0.967602
0.967591
0.96758
0.967569
0.967557
0.967546
0.967535
0.967524
0.967513
0.967502
0.967491
0.96748
0.967468
0.967457
0.967446
0.967435
0.967424
0.967413
0.967402
0.967391
0.96738
0.967369
0.967358
0.967347
0.967336
0.967325
0.967314
0.967303
0.967292
0.967281
0.96727
0.967259
0.967248
0.967237
0.967226
0.967215
0.967204
0.967193
0.967182
0.967172
0.967161
0.96715
0.967139
0.967128
0.967117
0.967106
0.967095
0.967085
0.967074
0.967063
0.967052
0.967041
0.96703
0.96702
0.967009
0.966998
0.966987
0.966976
0.966966
0.966955
0.966944
0.966933
0.966922
0.966912
0.966901
0.96689
0.96688
0.966869
0.966858
0.966847
0.966837
0.966826
0.966815
0.966805
0.966794
0.966783
0.966773
0.966762
0.966751
0.966741
0.96673
0.966719
0.966709
0.966698
0.966687
0.966677
0.966666
0.966656
0.966645
0.966635
0.966624
0.966613
0.966603
0.966592
0.966582
0.966571
0.966561
0.96655
0.96654
0.966529
0.966519
0.966508
0.966498
0.966487
0.966477
0.966466
0.966456
0.966445
0.966435
0.966424
0.966414
0.966403
0.966393
0.966383
0.966372
0.966362
0.966351
0.966341
0.96633
0.96632
0.96631
0.966299
0.966289
0.966279
0.966268
0.966258
0.966248
0.966237
0.966227
0.966217
0.966206
0.966196
0.966186
0.966175
0.966165
0.966155
0.966144
0.966134
0.966124
0.966114
0.966103
0.966093
0.966083
0.966073
0.966062
0.966052
0.966042
0.966032
0.966022
0.966011
0.966001
0.965991
0.965981
0.965971
0.96596
0.96595
0.96594
0.96593
0.96592
0.96591
0.9659
0.965889
0.965879
0.965869
0.965859
0.965849
0.965839
0.965829
0.965819
0.965809
0.965799
0.965789
0.965779
0.965768
0.965758
0.965748
0.965738
0.965728
0.965718
0.965708
0.965698
0.965688
0.965678
0.965668
0.965658
0.965648
0.965638
0.965628
0.965618
0.965609
0.965599
0.965589
0.965579
0.965569
0.965559
0.965549
0.965539
0.965529
0.965519
0.965509
0.965499
0.96549
0.96548
0.96547
0.96546
0.96545
0.96544
0.96543
0.965421
0.965411
0.965401
0.965391
0.965381
0.965371
0.965362
0.965352
0.965342
0.965332
0.965323
0.965313
0.965303
0.965293
0.965283
0.965274
0.965264
0.965254
0.965245
0.965235
0.965225
0.965215
0.965206
0.965196
0.965186
0.965177
0.965167
0.965157
0.965148
0.965138
0.965128
0.965119
0.965109
0.965099
0.96509
0.96508
0.96507
0.965061
0.965051
0.965042
0.965032
0.965022
0.965013
0.965003
0.964994
0.964984
0.964974
0.964965
0.964955
0.964946
0.964936
0.964927
0.964917
0.964908
0.964898
0.964889
0.964879
0.96487
0.96486
0.964851
0.964841
0.964832
0.964822
0.964813
0.964803
0.964794
0.964784
0.964775
0.964766
0.964756
0.964747
0.964737
0.964728
0.964718
0.964709
0.9647
0.96469
0.964681
0.964672
0.964662
0.964653
0.964643
0.964634
0.964625
0.964615
0.964606
0.964597
0.964587
0.964578
0.964569
0.964559
0.96455
0.964541
0.964532
0.964522
0.964513
0.964504
0.964494
0.964485
0.964476
0.964467
0.964457
0.964448
0.964439
0.96443
0.96442
0.964411
0.964402
0.964393
0.964384
0.964374
0.964365
0.964356
0.964347
0.964338
0.964328
0.964319
0.96431
0.964301
0.964292
0.964283
0.964274
0.964264
0.964255
0.964246
0.964237
0.964228
0.964219
0.96421
0.964201
0.964192
0.964183
0.964173
0.964164
0.964155
0.964146
0.964137
0.964128
0.964119
0.96411
0.964101
0.964092
0.964083
0.964074
0.964065
0.964056
0.964047
0.964038
0.964029
0.96402
0.964011
0.964002
0.963993
0.963984
0.963975
0.963966
0.963957
0.963948
0.963939
0.963931
0.963922
0.963913
0.963904
0.963895
0.963886
0.963877
0.963868
0.963859
0.96385
0.963842
0.963833
0.963824
0.963815
0.963806
0.963797
0.963789
0.96378
0.963771
0.963762
0.963753
0.963744
0.963736
0.963727
0.963718
0.963709
0.9637
0.963692
0.963683
0.963674
0.963665
0.963657
0.963648
0.963639
0.96363
0.963622
0.963613
0.963604
0.963595
0.963587
0.963578
0.963569
0.963561
0.963552
0.963543
0.963535
0.963526
0.963517
0.963509
0.9635
0.963491
0.963483
0.963474
0.963465
0.963457
0.963448
0.963439
0.963431
0.963422
0.963414
0.963405
0.963396
0.963388
0.963379
0.963371
0.963362
0.963353
0.963345
0.963336
0.963328
0.963319
0.963311
0.963302
0.963294
0.963285
0.963277
0.963268
0.963259
0.963251
0.963242
0.963234
0.963225
0.963217
0.963208
0.9632
0.963192
0.963183
0.963175
0.963166
0.963158
0.963149
0.963141
0.963132
0.963124
0.963116
0.963107
0.963099
0.96309
0.963082
0.963073
0.963065
0.963057
0.963048
0.96304
0.963032
0.963023
0.963015
0.963006
0.962998
0.96299
0.962981
0.962973
0.962965
0.962956
0.962948
0.96294
0.962931
0.962923
0.962915
0.962907
0.962898
0.96289
0.962882
0.962873
0.962865
0.962857
0.962849
0.96284
0.962832
0.962824
0.962816
0.962807
0.962799
0.962791
0.962783
0.962774
0.962766
0.962758
0.96275
0.962742
0.962733
0.962725
0.962717
0.962709
0.962701
0.962693
0.962684
0.962676
0.962668
0.96266
0.962652
0.962644
0.962636
0.962627
0.962619
0.962611
0.962603
0.962595
0.962587
0.962579
0.962571
0.962563
0.962554
0.962546
0.962538
0.96253
0.962522
0.962514
0.962506
0.962498
0.96249
0.962482
0.962474
0.962466
0.962458
0.96245
0.962442
0.962434
0.962426
0.962418
0.96241
0.962402
0.962394
0.962386
0.962378
0.96237
0.962362
0.962354
0.962346
0.962338
0.96233
0.962322
0.962314
0.962306
0.962298
0.96229
0.962283
0.962275
0.962267
0.962259
0.962251
0.962243
0.962235
0.962227
0.962219
0.962212
0.962204
0.962196
0.962188
0.96218
0.962172
0.962164
0.962157
0.962149
0.962141
0.962133
0.962125
0.962117
0.96211
0.962102
0.962094
0.962086
0.962078
0.962071
0.962063
0.962055
0.962047
0.96204
0.962032
0.962024
0.962016
0.962009
0.962001
0.961993
0.961985
0.961978
0.96197
0.961962
0.961954
0.961947
0.961939
0.961931
0.961924
0.961916
0.961908
0.961901
0.961893
0.961885
0.961878
0.96187
0.961862
0.961855
0.961847
0.961839
0.961832
0.961824
0.961816
0.961809
0.961801
0.961793
0.961786
0.961778
0.961771
0.961763
0.961755
0.961748
0.96174
0.961733
0.961725
0.961718
0.96171
0.961702
0.961695
0.961687
0.96168
0.961672
0.961665
0.961657
0.96165
0.961642
0.961635
0.961627
0.96162
0.961612
0.961605
0.961597
0.96159
0.961582
0.961575
0.961567
0.96156
0.961552
0.961545
0.961537
0.96153
0.961522
0.961515
0.961507
0.9615
0.961493
0.961485
0.961478
0.96147
0.961463
0.961455
0.961448
0.961441
0.961433
0.961426
0.961418
0.961411
0.961404
0.961396
0.961389
0.961382
0.961374
0.961367
0.96136
0.961352
0.961345
0.961338
0.96133
0.961323
0.961316
0.961308
0.961301
0.961294
0.961286
0.961279
0.961272
0.961264
0.961257
0.96125
0.961243
0.961235
0.961228
0.961221
0.961213
0.961206
0.961199
0.961192
0.961184
0.961177
0.96117
0.961163
0.961156
0.961148
0.961141
0.961134
0.961127
0.961119
0.961112
0.961105
0.961098
0.961091
0.961084
0.961076
0.961069
0.961062
0.961055
0.961048
0.961041
0.961033
0.961026
0.961019
0.961012
0.961005
0.960998
0.960991
0.960983
0.960976
0.960969
0.960962
0.960955
0.960948
0.960941
0.960934
0.960927
0.96092
0.960912
0.960905
0.960898
0.960891
0.960884
0.960877
0.96087
0.960863
0.960856
0.960849
0.960842
0.960835
0.960828
0.960821
0.960814
0.960807
0.9608
0.960793
0.960786
0.960779
0.960772
0.960765
0.960758
0.960751
0.960744
0.960737
0.96073
0.960723
0.960716
0.960709
0.960702
0.960695
0.960688
0.960681
0.960674
0.960667
0.960661
0.960654
0.960647
0.96064
0.960633
0.960626
0.960619
0.960612
0.960605
0.960598
0.960592
0.960585
0.960578
0.960571
0.960564
0.960557
0.96055
0.960543
0.960537
0.96053
0.960523
0.960516
0.960509
0.960502
0.960496
0.960489
0.960482
0.960475
0.960468
0.960462
0.960455
0.960448
0.960441
0.960434
0.960428
0.960421
0.960414
0.960407
0.960401
0.960394
0.960387
0.96038
0.960374
0.960367
0.96036
0.960353
0.960347
0.96034
0.960333
0.960326
0.96032
0.960313
0.960306
0.9603
0.960293
0.960286
0.960279
0.960273
0.960266
0.960259
0.960253
0.960246
0.960239
0.960233
0.960226
0.960219
0.960213
0.960206
0.9602
0.960193
0.960186
0.96018
0.960173
0.960166
0.96016
0.960153
0.960147
0.96014
0.960133
0.960127
0.96012
0.960114
0.960107
0.9601
0.960094
0.960087
0.960081
0.960074
0.960068
0.960061
0.960054
0.960048
0.960041
0.960035
0.960028
0.960022
0.960015
0.960009
0.960002
0.959996
0.959989
0.959983
0.959976
0.95997
0.959963
0.959957
0.95995
0.959944
0.959937
0.959931
0.959924
0.959918
0.959911
0.959905
0.959898
0.959892
0.959885
0.959879
0.959873
0.959866
0.95986
0.959853
0.959847
0.95984
0.959834
0.959828
0.959821
0.959815
0.959808
0.959802
0.959796
0.959789
0.959783
0.959776
0.95977
0.959764
0.959757
0.959751
0.959745
0.959738
0.959732
0.959725
0.959719
0.959713
0.959706
0.9597
0.959694
0.959687
0.959681
0.959675
0.959669
0.959662
0.959656
0.95965
0.959643
0.959637
0.959631
0.959624
0.959618
0.959612
0.959606
0.959599
0.959593
0.959587
0.95958
0.959574
0.959568
0.959562
0.959555
0.959549
0.959543
0.959537
0.959531
0.959524
0.959518
0.959512
0.959506
0.959499
0.959493
0.959487
0.959481
0.959475
0.959468
0.959462
0.959456
0.95945
0.959444
0.959438
0.959431
0.959425
0.959419
0.959413
0.959407
0.959401
0.959394
0.959388
0.959382
0.959376
0.95937
0.959364
0.959358
0.959351
0.959345
0.959339
0.959333
0.959327
0.959321
0.959315
0.959309
0.959303
0.959297
0.95929
0.959284
0.959278
0.959272
0.959266
0.95926
0.959254
0.959248
0.959242
0.959236
0.95923
0.959224
0.959218
0.959212
0.959206
0.9592
0.959194
0.959188
0.959182
0.959176
0.95917
0.959164
0.959158
0.959152
0.959146
0.95914
0.959134
0.959128
0.959122
0.959116
0.95911
0.959104
0.959098
0.959092
0.959086
0.95908
0.959074
0.959068
0.959062
0.959056
0.95905
0.959044
0.959038
0.959032
0.959026
0.95902
0.959015
0.959009
0.959003
0.958997
0.958991
0.958985
0.958979
0.958973
0.958967
0.958961
0.958956
0.95895
0.958944
0.958938
0.958932
0.958926
0.95892
0.958914
0.958909
0.958903
0.958897
0.958891
0.958885
0.958879
0.958874
0.958868
0.958862
0.958856
0.95885
0.958845
0.958839
0.958833
0.958827
0.958821
0.958816
0.95881
0.958804
0.958798
0.958792
0.958787
0.958781
0.958775
0.958769
0.958764
0.958758
0.958752
0.958746
0.958741
0.958735
0.958729
0.958723
0.958718
0.958712
0.958706
0.9587
0.958695
0.958689
0.958683
0.958678
0.958672
0.958666
0.95866
0.958655
0.958649
0.958643
0.958638
0.958632
0.958626
0.958621
0.958615
0.958609
0.958604
0.958598
0.958592
0.958587
0.958581
0.958575
0.95857
0.958564
0.958558
0.958553
0.958547
0.958542
0.958536
0.95853
0.958525
0.958519
0.958513
0.958508
0.958502
0.958497
0.958491
0.958485
0.95848
0.958474
0.958469
0.958463
0.958458
0.958452
0.958446
0.958441
0.958435
0.95843
0.958424
0.958419
0.958413
0.958408
0.958402
0.958396
0.958391
0.958385
0.95838
0.958374
0.958369
0.958363
0.958358
0.958352
0.958347
0.958341
0.958336
0.95833
0.958325
0.958319
0.958314
0.958308
0.958303
0.958297
0.958292
0.958286
0.958281
0.958275
0.95827
0.958265
0.958259
0.958254
0.958248
0.958243
0.958237
0.958232
0.958226
0.958221
0.958216
0.95821
0.958205
0.958199
0.958194
0.958188
0.958183
0.958178
0.958172
0.958167
0.958161
0.958156
0.958151
0.958145
0.95814
0.958135
0.958129
0.958124
0.958118
0.958113
0.958108
0.958102
0.958097
0.958092
0.958086
0.958081
0.958076
0.95807
0.958065
0.95806
0.958054
0.958049
0.958044
0.958038
0.958033
0.958028
0.958022
0.958017
0.958012
0.958006
0.958001
0.957996
0.957991
0.957985
0.95798
0.957975
0.957969
0.957964
0.957959
0.957954
0.957948
0.957943
0.957938
0.957933
0.957927
0.957922
0.957917
0.957912
0.957906
0.957901
0.957896
0.957891
0.957886
0.95788
0.957875
0.95787
0.957865
0.957859
0.957854
0.957849
0.957844
0.957839
0.957833
0.957828
0.957823
0.957818
0.957813
0.957808
0.957802
0.957797
0.957792
0.957787
0.957782
0.957777
0.957771
0.957766
0.957761
0.957756
0.957751
0.957746
0.957741
0.957735
0.95773
0.957725
0.95772
0.957715
0.95771
0.957705
0.9577
0.957694
0.957689
0.957684
0.957679
0.957674
0.957669
0.957664
0.957659
0.957654
0.957649
0.957644
0.957638
0.957633
0.957628
0.957623
0.957618
0.957613
0.957608
0.957603
0.957598
0.957593
0.957588
0.957583
0.957578
0.957573
0.957568
0.957563
0.957558
0.957553
0.957548
0.957543
0.957538
0.957533
0.957528
0.957523
0.957518
0.957513
0.957508
0.957503
0.957498
0.957493
0.957488
0.957483
0.957478
0.957473
0.957468
0.957463
0.957458
0.957453
0.957448
0.957443
0.957438
0.957433
0.957428
0.957423
0.957418
0.957413
0.957408
0.957403
0.957399
0.957394
0.957389
0.957384
0.957379
0.957374
0.957369
0.957364
0.957359
0.957354
0.957349
0.957345
0.95734
0.957335
0.95733
0.957325
0.95732
0.957315
0.95731
0.957305
0.957301
0.957296
0.957291
0.957286
0.957281
0.957276
0.957271
0.957267
0.957262
0.957257
0.957252
0.957247
0.957242
0.957238
0.957233
0.957228
0.957223
0.957218
0.957214
0.957209
0.957204
0.957199
0.957194
0.957189
0.957185
0.95718
0.957175
0.95717
0.957166
0.957161
0.957156
0.957151
0.957146
0.957142
0.957137
0.957132
0.957127
0.957123
0.957118
0.957113
0.957108
0.957104
0.957099
0.957094
0.957089
0.957085
0.95708
0.957075
0.95707
0.957066
0.957061
0.957056
0.957052
0.957047
0.957042
0.957037
0.957033
0.957028
0.957023
0.957019
0.957014
0.957009
0.957005
0.957
0.956995
0.956991
0.956986
0.956981
0.956977
0.956972
0.956967
0.956963
0.956958
0.956953
0.956949
0.956944
0.956939
0.956935
0.95693
0.956925
0.956921
0.956916
0.956912
0.956907
0.956902
0.956898
0.956893
0.956888
0.956884
0.956879
0.956875
0.95687
0.956865
0.956861
0.956856
0.956852
0.956847
0.956842
0.956838
0.956833
0.956829
0.956824
0.95682
0.956815
0.95681
0.956806
0.956801
0.956797
0.956792
0.956788
0.956783
0.956778
0.956774
0.956769
0.956765
0.95676
0.956756
0.956751
0.956747
0.956742
0.956738
0.956733
0.956729
0.956724
0.95672
0.956715
0.956711
0.956706
0.956702
0.956697
0.956693
0.956688
0.956684
0.956679
0.956675
0.95667
0.956666
0.956661
0.956657
0.956652
0.956648
0.956643
0.956639
0.956634
0.95663
0.956626
0.956621
0.956617
0.956612
0.956608
0.956603
0.956599
0.956594
0.95659
0.956586
0.956581
0.956577
0.956572
0.956568
0.956563
0.956559
0.956555
0.95655
0.956546
0.956541
0.956537
0.956533
0.956528
0.956524
0.956519
0.956515
0.956511
0.956506
0.956502
0.956498
0.956493
0.956489
0.956484
0.95648
0.956476
0.956471
0.956467
0.956463
0.956458
0.956454
0.95645
0.956445
0.956441
0.956437
0.956432
0.956428
0.956424
0.956419
0.956415
0.956411
0.956406
0.956402
0.956398
0.956393
0.956389
0.956385
0.95638
0.956376
0.956372
0.956368
0.956363
0.956359
0.956355
0.95635
0.956346
0.956342
0.956338
0.956333
0.956329
0.956325
0.95632
0.956316
0.956312
0.956308
0.956303
0.956299
0.956295
0.956291
0.956286
0.956282
0.956278
0.956274
0.956269
0.956265
0.956261
0.956257
0.956253
0.956248
0.956244
0.95624
0.956236
0.956231
0.956227
0.956223
0.956219
0.956215
0.95621
0.956206
0.956202
0.956198
0.956194
0.956189
0.956185
0.956181
0.956177
0.956173
0.956169
0.956164
0.95616
0.956156
0.956152
0.956148
0.956144
0.956139
0.956135
0.956131
0.956127
0.956123
0.956119
0.956115
0.95611
0.956106
0.956102
0.956098
0.956094
0.95609
0.956086
0.956082
0.956077
0.956073
0.956069
0.956065
0.956061
0.956057
0.956053
0.956049
0.956045
0.95604
0.956036
0.956032
0.956028
0.956024
0.95602
0.956016
0.956012
0.956008
0.956004
0.956
0.955996
0.955991
0.955987
0.955983
0.955979
0.955975
0.955971
0.955967
0.955963
0.955959
0.955955
0.955951
0.955947
0.955943
0.955939
0.955935
0.955931
0.955927
0.955923
0.955919
0.955915
0.955911
0.955907
0.955903
0.955899
0.955895
0.955891
0.955887
0.955883
0.955879
0.955875
0.955871
0.955867
0.955863
0.955859
0.955855
0.955851
0.955847
0.955843
0.955839
0.955835
0.955831
0.955827
0.955823
0.955819
0.955815
0.955811
0.955807
0.955803
0.955799
0.955795
0.955791
0.955787
0.955783
0.95578
0.955776
0.955772
0.955768
0.955764
0.95576
0.955756
0.955752
0.955748
0.955744
0.95574
0.955736
0.955733
0.955729
0.955725
0.955721
0.955717
0.955713
0.955709
0.955705
0.955701
0.955697
0.955694
0.95569
0.955686
0.955682
0.955678
0.955674
0.95567
0.955666
0.955663
0.955659
0.955655
0.955651
0.955647
0.955643
0.955639
0.955636
0.955632
0.955628
0.955624
0.95562
0.955616
0.955613
0.955609
0.955605
0.955601
0.955597
0.955593
0.95559
0.955586
0.955582
0.955578
0.955574
0.955571
0.955567
0.955563
0.955559
0.955555
0.955552
0.955548
0.955544
0.95554
0.955536
0.955533
0.955529
0.955525
0.955521
0.955517
0.955514
0.95551
0.955506
0.955502
0.955499
0.955495
0.955491
0.955487
0.955484
0.95548
0.955476
0.955472
0.955469
0.955465
0.955461
0.955457
0.955454
0.95545
0.955446
0.955442
0.955439
0.955435
0.955431
0.955428
0.955424
0.95542
0.955416
0.955413
0.955409
0.955405
0.955402
0.955398
0.955394
0.95539
0.955387
0.955383
0.955379
0.955376
0.955372
0.955368
0.955365
0.955361
0.955357
0.955354
0.95535
0.955346
0.955343
0.955339
0.955335
0.955332
0.955328
0.955324
0.955321
0.955317
0.955313
0.95531
0.955306
0.955302
0.955299
0.955295
0.955292
0.955288
0.955284
0.955281
0.955277
0.955273
0.95527
0.955266
0.955262
0.955259
0.955255
0.955252
0.955248
0.955244
0.955241
0.955237
0.955234
0.95523
0.955226
0.955223
0.955219
0.955216
0.955212
0.955208
0.955205
0.955201
0.955198
0.955194
0.955191
0.955187
0.955183
0.95518
0.955176
0.955173
0.955169
0.955166
0.955162
0.955158
0.955155
0.955151
0.955148
0.955144
0.955141
0.955137
0.955134
0.95513
0.955127
0.955123
0.95512
0.955116
0.955112
0.955109
0.955105
0.955102
0.955098
0.955095
0.955091
0.955088
0.955084
0.955081
0.955077
0.955074
0.95507
0.955067
0.955063
0.95506
0.955056
0.955053
0.955049
0.955046
0.955042
0.955039
0.955035
0.955032
0.955028
0.955025
0.955022
0.955018
0.955015
0.955011
0.955008
0.955004
0.955001
0.954997
0.954994
0.95499
0.954987
0.954983
0.95498
0.954977
0.954973
0.95497
0.954966
0.954963
0.954959
0.954956
0.954953
0.954949
0.954946
0.954942
0.954939
0.954935
0.954932
0.954929
0.954925
0.954922
0.954918
0.954915
0.954912
0.954908
0.954905
0.954901
0.954898
0.954895
0.954891
0.954888
0.954884
0.954881
0.954878
0.954874
0.954871
0.954867
0.954864
0.954861
0.954857
0.954854
0.954851
0.954847
0.954844
0.954841
0.954837
0.954834
0.95483
0.954827
0.954824
0.95482
0.954817
0.954814
0.95481
0.954807
0.954804
0.9548
0.954797
0.954794
0.95479
0.954787
0.954784
0.95478
0.954777
0.954774
0.95477
0.954767
0.954764
0.95476
0.954757
0.954754
0.954751
0.954747
0.954744
0.954741
0.954737
0.954734
0.954731
0.954727
0.954724
0.954721
0.954718
0.954714
0.954711
0.954708
0.954704
0.954701
0.954698
0.954695
0.954691
0.954688
0.954685
0.954682
0.954678
0.954675
0.954672
0.954669
0.954665
0.954662
0.954659
0.954656
0.954652
0.954649
0.954646
0.954643
0.954639
0.954636
0.954633
0.95463
0.954626
0.954623
0.95462
0.954617
0.954614
0.95461
0.954607
0.954604
0.954601
0.954597
0.954594
0.954591
0.954588
0.954585
0.954581
0.954578
0.954575
0.954572
0.954569
0.954565
0.954562
0.954559
0.954556
0.954553
0.954549
0.954546
0.954543
0.95454
0.954537
0.954534
0.95453
0.954527
0.954524
0.954521
0.954518
0.954515
0.954511
0.954508
0.954505
0.954502
0.954499
0.954496
0.954493
0.954489
0.954486
0.954483
0.95448
0.954477
0.954474
0.954471
0.954467
0.954464
0.954461
0.954458
0.954455
0.954452
0.954449
0.954446
0.954442
0.954439
0.954436
0.954433
0.95443
0.954427
0.954424
0.954421
0.954418
0.954414
0.954411
0.954408
0.954405
0.954402
0.954399
0.954396
0.954393
0.95439
0.954387
0.954384
0.95438
0.954377
0.954374
0.954371
0.954368
0.954365
0.954362
0.954359
0.954356
0.954353
0.95435
0.954347
0.954344
0.954341
0.954338
0.954335
0.954331
0.954328
0.954325
0.954322
0.954319
0.954316
0.954313
0.95431
0.954307
0.954304
0.954301
0.954298
0.954295
0.954292
0.954289
0.954286
0.954283
0.95428
0.954277
0.954274
0.954271
0.954268
0.954265
0.954262
0.954259
0.954256
0.954253
0.95425
0.954247
0.954244
0.954241
0.954238
0.954235
0.954232
0.954229
0.954226
0.954223
0.95422
0.954217
0.954214
0.954211
0.954208
0.954205
0.954202
0.954199
0.954196
0.954193
0.95419
0.954187
0.954184
0.954181
0.954178
0.954175
0.954173
0.95417
0.954167
0.954164
0.954161
0.954158
0.954155
0.954152
0.954149
0.954146
0.954143
0.95414
0.954137
0.954134
0.954131
0.954128
0.954126
0.954123
0.95412
0.954117
0.954114
0.954111
0.954108
0.954105
0.954102
0.954099
0.954096
0.954093
0.954091
0.954088
0.954085
0.954082
0.954079
0.954076
0.954073
0.95407
0.954067
0.954065
0.954062
0.954059
0.954056
0.954053
0.95405
0.954047
0.954044
0.954042
0.954039
0.954036
0.954033
0.95403
0.954027
0.954024
0.954021
0.954019
0.954016
0.954013
0.95401
0.954007
0.954004
0.954001
0.953999
0.953996
0.953993
0.95399
0.953987
0.953984
0.953982
0.953979
0.953976
0.953973
0.95397
0.953967
0.953965
0.953962
0.953959
0.953956
0.953953
0.953951
0.953948
0.953945
0.953942
0.953939
0.953936
0.953934
0.953931
0.953928
0.953925
0.953922
0.95392
0.953917
0.953914
0.953911
0.953909
0.953906
0.953903
0.9539
0.953897
0.953895
0.953892
0.953889
0.953886
0.953883
0.953881
0.953878
0.953875
0.953872
0.95387
0.953867
0.953864
0.953861
0.953859
0.953856
0.953853
0.95385
0.953848
0.953845
0.953842
0.953839
0.953837
0.953834
0.953831
0.953828
0.953826
0.953823
0.95382
0.953817
0.953815
0.953812
0.953809
0.953806
0.953804
0.953801
0.953798
0.953796
0.953793
0.95379
0.953787
0.953785
0.953782
0.953779
0.953777
0.953774
0.953771
0.953768
0.953766
0.953763
0.95376
0.953758
0.953755
0.953752
0.95375
0.953747
0.953744
0.953741
0.953739
0.953736
0.953733
0.953731
0.953728
0.953725
0.953723
0.95372
0.953717
0.953715
0.953712
0.953709
0.953707
0.953704
0.953701
0.953699
0.953696
0.953693
0.953691
0.953688
0.953685
0.953683
0.95368
0.953677
0.953675
0.953672
0.95367
0.953667
0.953664
0.953662
0.953659
0.953656
0.953654
0.953651
0.953648
0.953646
0.953643
0.953641
0.953638
0.953635
0.953633
0.95363
0.953627
0.953625
0.953622
0.95362
0.953617
0.953614
0.953612
0.953609
0.953607
0.953604
0.953601
0.953599
0.953596
0.953594
0.953591
0.953588
0.953586
0.953583
0.953581
0.953578
0.953575
0.953573
0.95357
0.953568
0.953565
0.953563
0.95356
0.953557
0.953555
0.953552
0.95355
0.953547
0.953544
0.953542
0.953539
0.953537
0.953534
0.953532
0.953529
0.953527
0.953524
0.953521
0.953519
0.953516
0.953514
0.953511
0.953509
0.953506
0.953504
0.953501
0.953499
0.953496
0.953493
0.953491
0.953488
0.953486
0.953483
0.953481
0.953478
0.953476
0.953473
0.953471
0.953468
0.953466
0.953463
0.953461
0.953458
0.953456
0.953453
0.953451
0.953448
0.953446
0.953443
0.953441
0.953438
0.953436
0.953433
0.953431
0.953428
0.953426
0.953423
0.953421
0.953418
0.953416
0.953413
0.953411
0.953408
0.953406
0.953403
0.953401
0.953398
0.953396
0.953393
0.953391
0.953388
0.953386
0.953383
0.953381
0.953378
0.953376
0.953374
0.953371
0.953369
0.953366
0.953364
0.953361
0.953359
0.953356
0.953354
0.953351
0.953349
0.953347
0.953344
0.953342
0.953339
0.953337
0.953334
0.953332
0.953329
0.953327
0.953325
0.953322
0.95332
0.953317
0.953315
0.953312
0.95331
0.953308
0.953305
0.953303
0.9533
0.953298
0.953296
0.953293
0.953291
0.953288
0.953286
0.953283
0.953281
0.953279
0.953276
0.953274
0.953271
0.953269
0.953267
0.953264
0.953262
0.953259
0.953257
0.953255
0.953252
0.95325
0.953248
0.953245
0.953243
0.95324
0.953238
0.953236
0.953233
0.953231
0.953228
0.953226
0.953224
0.953221
0.953219
0.953217
0.953214
0.953212
0.95321
0.953207
0.953205
0.953202
0.9532
0.953198
0.953195
0.953193
0.953191
0.953188
0.953186
0.953184
0.953181
0.953179
0.953177
0.953174
0.953172
0.95317
0.953167
0.953165
0.953163
0.95316
0.953158
0.953156
0.953153
0.953151
0.953149
0.953146
0.953144
0.953142
0.953139
0.953137
0.953135
0.953132
0.95313
0.953128
0.953125
0.953123
0.953121
0.953119
0.953116
0.953114
0.953112
0.953109
0.953107
0.953105
0.953102
0.9531
0.953098
0.953096
0.953093
0.953091
0.953089
0.953086
0.953084
0.953082
0.95308
0.953077
0.953075
0.953073
0.95307
0.953068
0.953066
0.953064
0.953061
0.953059
0.953057
0.953055
0.953052
0.95305
0.953048
0.953045
0.953043
0.953041
0.953039
0.953036
0.953034
0.953032
0.95303
0.953027
0.953025
0.953023
0.953021
0.953018
0.953016
0.953014
0.953012
0.953009
0.953007
0.953005
0.953003
0.953001
0.952998
0.952996
0.952994
0.952992
0.952989
0.952987
0.952985
0.952983
0.95298
0.952978
0.952976
0.952974
0.952972
0.952969
0.952967
0.952965
0.952963
0.952961
0.952958
0.952956
0.952954
0.952952
0.952949
0.952947
0.952945
0.952943
0.952941
0.952938
0.952936
0.952934
0.952932
0.95293
0.952928
0.952925
0.952923
0.952921
0.952919
0.952917
0.952914
0.952912
0.95291
0.952908
0.952906
0.952904
0.952901
0.952899
0.952897
0.952895
0.952893
0.952891
0.952888
0.952886
0.952884
0.952882
0.95288
0.952878
0.952875
0.952873
0.952871
0.952869
0.952867
0.952865
0.952862
0.95286
0.952858
0.952856
0.952854
0.952852
0.95285
0.952847
0.952845
0.952843
0.952841
0.952839
0.952837
0.952835
0.952832
0.95283
0.952828
0.952826
0.952824
0.952822
0.95282
0.952818
0.952815
0.952813
0.952811
0.952809
0.952807
0.952805
0.952803
0.952801
0.952799
0.952796
0.952794
0.952792
0.95279
0.952788
0.952786
0.952784
0.952782
0.95278
0.952778
0.952775
0.952773
0.952771
0.952769
0.952767
0.952765
0.952763
0.952761
0.952759
0.952757
0.952755
0.952752
0.95275
0.952748
0.952746
0.952744
0.952742
0.95274
0.952738
0.952736
0.952734
0.952732
0.95273
0.952728
0.952725
0.952723
0.952721
0.952719
0.952717
0.952715
0.952713
0.952711
0.952709
0.952707
0.952705
0.952703
0.952701
0.952699
0.952697
0.952695
0.952693
0.952691
0.952689
0.952686
0.952684
0.952682
0.95268
0.952678
0.952676
0.952674
0.952672
0.95267
0.952668
0.952666
0.952664
0.952662
0.95266
0.952658
0.952656
0.952654
0.952652
0.95265
0.952648
0.952646
0.952644
0.952642
0.95264
0.952638
0.952636
0.952634
0.952632
0.95263
0.952628
0.952626
0.952624
0.952622
0.95262
0.952618
0.952616
0.952614
0.952612
0.95261
0.952608
0.952606
0.952604
0.952602
0.9526
0.952598
0.952596
0.952594
0.952592
0.95259
0.952588
0.952586
0.952584
0.952582
0.95258
0.952578
0.952576
0.952574
0.952572
0.95257
0.952568
0.952566
0.952564
0.952562
0.95256
0.952558
0.952556
0.952554
0.952552
0.95255
0.952549
0.952547
0.952545
0.952543
0.952541
0.952539
0.952537
0.952535
0.952533
0.952531
0.952529
0.952527
0.952525
0.952523
0.952521
0.952519
0.952517
0.952515
0.952513
0.952512
0.95251
0.952508
0.952506
0.952504
0.952502
0.9525
0.952498
0.952496
0.952494
0.952492
0.95249
0.952488
0.952487
0.952485
0.952483
0.952481
0.952479
0.952477
0.952475
0.952473
0.952471
0.952469
0.952467
0.952465
0.952464
0.952462
0.95246
0.952458
0.952456
0.952454
0.952452
0.95245
0.952448
0.952446
0.952445
0.952443
0.952441
0.952439
0.952437
0.952435
0.952433
0.952431
0.952429
0.952428
0.952426
0.952424
0.952422
0.95242
0.952418
0.952416
0.952414
0.952413
0.952411
0.952409
0.952407
0.952405
0.952403
0.952401
0.952399
0.952398
0.952396
0.952394
0.952392
0.95239
0.952388
0.952386
0.952385
0.952383
0.952381
0.952379
0.952377
0.952375
0.952373
0.952372
0.95237
0.952368
0.952366
0.952364
0.952362
0.952361
0.952359
0.952357
0.952355
0.952353
0.952351
0.952349
0.952348
0.952346
0.952344
0.952342
0.95234
0.952338
0.952337
0.952335
0.952333
0.952331
0.952329
0.952328
0.952326
0.952324
0.952322
0.95232
0.952318
0.952317
0.952315
0.952313
0.952311
0.952309
0.952308
0.952306
0.952304
0.952302
0.9523
0.952299
0.952297
0.952295
0.952293
0.952291
0.95229
0.952288
0.952286
0.952284
0.952282
0.952281
0.952279
0.952277
0.952275
0.952273
0.952272
0.95227
0.952268
0.952266
0.952264
0.952263
0.952261
0.952259
0.952257
0.952256
0.952254
0.952252
0.95225
0.952248
0.952247
0.952245
0.952243
0.952241
0.95224
0.952238
0.952236
0.952234
0.952233
0.952231
0.952229
0.952227
0.952225
0.952224
0.952222
0.95222
0.952218
0.952217
0.952215
0.952213
0.952211
0.95221
0.952208
0.952206
0.952204
0.952203
0.952201
0.952199
0.952197
0.952196
0.952194
0.952192
0.952191
0.952189
0.952187
0.952185
0.952184
0.952182
0.95218
0.952178
0.952177
0.952175
0.952173
0.952171
0.95217
0.952168
0.952166
0.952165
0.952163
0.952161
0.952159
0.952158
0.952156
0.952154
0.952153
0.952151
0.952149
0.952147
0.952146
0.952144
0.952142
0.952141
0.952139
0.952137
0.952135
0.952134
0.952132
0.95213
0.952129
0.952127
0.952125
0.952124
0.952122
0.95212
0.952118
0.952117
0.952115
0.952113
0.952112
0.95211
0.952108
0.952107
0.952105
0.952103
0.952102
0.9521
0.952098
0.952096
0.952095
0.952093
0.952091
0.95209
0.952088
0.952086
0.952085
0.952083
0.952081
0.95208
0.952078
0.952076
0.952075
0.952073
0.952071
0.95207
0.952068
0.952066
0.952065
0.952063
0.952061
0.95206
0.952058
0.952056
0.952055
0.952053
0.952051
0.95205
0.952048
0.952047
0.952045
0.952043
0.952042
0.95204
0.952038
0.952037
0.952035
0.952033
0.952032
0.95203
0.952028
0.952027
0.952025
0.952024
0.952022
0.95202
0.952019
0.952017
0.952015
0.952014
0.952012
0.95201
0.952009
0.952007
0.952006
0.952004
0.952002
0.952001
0.951999
0.951997
0.951996
0.951994
0.951993
0.951991
0.951989
0.951988
0.951986
0.951985
0.951983
0.951981
0.95198
0.951978
0.951977
0.951975
0.951973
0.951972
0.95197
0.951968
0.951967
0.951965
0.951964
0.951962
0.95196
0.951959
0.951957
0.951956
0.951954
0.951953
0.951951
0.951949
0.951948
0.951946
0.951945
0.951943
0.951941
0.95194
0.951938
0.951937
0.951935
0.951933
0.951932
0.95193
0.951929
0.951927
0.951926
0.951924
0.951922
0.951921
0.951919
0.951918
0.951916
0.951915
0.951913
0.951911
0.95191
0.951908
0.951907
0.951905
0.951904
0.951902
0.9519
0.951899
0.951897
0.951896
0.951894
0.951893
0.951891
0.95189
0.951888
0.951886
0.951885
0.951883
0.951882
0.95188
0.951879
0.951877
0.951876
0.951874
0.951873
0.951871
0.951869
0.951868
0.951866
0.951865
0.951863
0.951862
0.95186
0.951859
0.951857
0.951856
0.951854
0.951853
0.951851
0.95185
0.951848
0.951846
0.951845
0.951843
0.951842
0.95184
0.951839
0.951837
0.951836
0.951834
0.951833
0.951831
0.95183
0.951828
0.951827
0.951825
0.951824
0.951822
0.951821
0.951819
0.951818
0.951816
0.951815
0.951813
0.951812
0.95181
0.951809
0.951807
0.951806
0.951804
0.951803
0.951801
0.9518
0.951798
0.951797
0.951795
0.951794
0.951792
0.951791
0.951789
0.951788
0.951786
0.951785
0.951783
0.951782
0.95178
0.951779
0.951777
0.951776
0.951774
0.951773
0.951771
0.95177
0.951768
0.951767
0.951765
0.951764
0.951762
0.951761
0.951759
0.951758
0.951756
0.951755
0.951754
0.951752
0.951751
0.951749
0.951748
0.951746
0.951745
0.951743
0.951742
0.95174
0.951739
0.951737
0.951736
0.951734
0.951733
0.951732
0.95173
0.951729
0.951727
0.951726
0.951724
0.951723
0.951721
0.95172
0.951718
0.951717
0.951716
0.951714
0.951713
0.951711
0.95171
0.951708
0.951707
0.951705
0.951704
0.951703
0.951701
0.9517
0.951698
0.951697
0.951695
0.951694
0.951693
0.951691
0.95169
0.951688
0.951687
0.951685
0.951684
0.951683
0.951681
0.95168
0.951678
0.951677
0.951675
0.951674
0.951673
0.951671
0.95167
0.951668
0.951667
0.951665
0.951664
0.951663
0.951661
0.95166
0.951658
0.951657
0.951656
0.951654
0.951653
0.951651
0.95165
0.951649
0.951647
0.951646
0.951644
0.951643
0.951641
0.95164
0.951639
0.951637
0.951636
0.951634
0.951633
0.951632
0.95163
0.951629
0.951628
0.951626
0.951625
0.951623
0.951622
0.951621
0.951619
0.951618
0.951616
0.951615
0.951614
0.951612
0.951611
0.951609
0.951608
0.951607
0.951605
0.951604
0.951603
0.951601
0.9516
0.951598
0.951597
0.951596
0.951594
0.951593
0.951592
0.95159
0.951589
0.951587
0.951586
0.951585
0.951583
0.951582
0.951581
0.951579
0.951578
0.951577
0.951575
0.951574
0.951572
0.951571
0.95157
0.951568
0.951567
0.951566
0.951564
0.951563
0.951562
0.95156
0.951559
0.951558
0.951556
0.951555
0.951553
0.951552
0.951551
0.951549
0.951548
0.951547
0.951545
0.951544
0.951543
0.951541
0.95154
0.951539
0.951537
0.951536
0.951535
0.951533
0.951532
0.951531
0.951529
0.951528
0.951527
0.951525
0.951524
0.951523
0.951521
0.95152
0.951519
0.951517
0.951516
0.951515
0.951513
0.951512
0.951511
0.951509
0.951508
0.951507
0.951505
0.951504
0.951503
0.951502
0.9515
0.951499
0.951498
0.951496
0.951495
0.951494
0.951492
0.951491
0.95149
0.951488
0.951487
0.951486
0.951484
0.951483
0.951482
0.951481
0.951479
0.951478
0.951477
0.951475
0.951474
0.951473
0.951471
0.95147
0.951469
0.951468
0.951466
0.951465
0.951464
0.951462
0.951461
0.95146
0.951459
0.951457
0.951456
0.951455
0.951453
0.951452
0.951451
0.95145
0.951448
0.951447
0.951446
0.951444
0.951443
0.951442
0.951441
0.951439
0.951438
0.951437
0.951435
0.951434
0.951433
0.951432
0.95143
0.951429
0.951428
0.951427
0.951425
0.951424
0.951423
0.951421
0.95142
0.951419
0.951418
0.951416
0.951415
0.951414
0.951413
0.951411
0.95141
0.951409
0.951408
0.951406
0.951405
0.951404
0.951403
0.951401
0.9514
0.951399
0.951397
0.951396
0.951395
0.951394
0.951392
0.951391
0.95139
0.951389
0.951387
0.951386
0.951385
0.951384
0.951383
0.951381
0.95138
0.951379
0.951378
0.951376
0.951375
0.951374
0.951373
0.951371
0.95137
0.951369
0.951368
0.951366
0.951365
0.951364
0.951363
0.951361
0.95136
0.951359
0.951358
0.951357
0.951355
0.951354
0.951353
0.951352
0.95135
0.951349
0.951348
0.951347
0.951346
0.951344
0.951343
0.951342
0.951341
0.951339
0.951338
0.951337
0.951336
0.951335
0.951333
0.951332
0.951331
0.95133
0.951329
0.951327
0.951326
0.951325
0.951324
0.951322
0.951321
0.95132
0.951319
0.951318
0.951316
0.951315
0.951314
0.951313
0.951312
0.95131
0.951309
0.951308
0.951307
0.951306
0.951304
0.951303
0.951302
0.951301
0.9513
0.951298
0.951297
0.951296
0.951295
0.951294
0.951293
0.951291
0.95129
0.951289
0.951288
0.951287
0.951285
0.951284
0.951283
0.951282
0.951281
0.95128
0.951278
0.951277
0.951276
0.951275
0.951274
0.951272
0.951271
0.95127
0.951269
0.951268
0.951267
0.951265
0.951264
0.951263
0.951262
0.951261
0.95126
0.951258
0.951257
0.951256
0.951255
0.951254
0.951253
0.951251
0.95125
0.951249
0.951248
0.951247
0.951246
0.951244
0.951243
0.951242
0.951241
0.95124
0.951239
0.951237
0.951236
0.951235
0.951234
0.951233
0.951232
0.951231
0.951229
0.951228
0.951227
0.951226
0.951225
0.951224
0.951223
0.951221
0.95122
0.951219
0.951218
0.951217
0.951216
0.951215
0.951213
0.951212
0.951211
0.95121
0.951209
0.951208
0.951207
0.951205
0.951204
0.951203
0.951202
0.951201
0.9512
0.951199
0.951197
0.951196
0.951195
0.951194
0.951193
0.951192
0.951191
0.95119
0.951188
0.951187
0.951186
0.951185
0.951184
0.951183
0.951182
0.951181
0.951179
0.951178
0.951177
0.951176
0.951175
0.951174
0.951173
0.951172
0.951171
0.951169
0.951168
0.951167
0.951166
0.951165
0.951164
0.951163
0.951162
0.951161
0.951159
0.951158
0.951157
0.951156
0.951155
0.951154
0.951153
0.951152
0.951151
0.95115
0.951148
0.951147
0.951146
0.951145
0.951144
0.951143
0.951142
0.951141
0.95114
0.951139
0.951137
0.951136
0.951135
0.951134
0.951133
0.951132
0.951131
0.95113
0.951129
0.951128
0.951127
0.951125
0.951124
0.951123
0.951122
0.951121
0.95112
0.951119
0.951118
0.951117
0.951116
0.951115
0.951114
0.951112
0.951111
0.95111
0.951109
0.951108
0.951107
0.951106
0.951105
0.951104
0.951103
0.951102
0.951101
0.9511
0.951098
0.951097
0.951096
0.951095
0.951094
0.951093
0.951092
0.951091
0.95109
0.951089
0.951088
0.951087
0.951086
0.951085
0.951084
0.951083
0.951081
0.95108
0.951079
0.951078
0.951077
0.951076
0.951075
0.951074
0.951073
0.951072
0.951071
0.95107
0.951069
0.951068
0.951067
0.951066
0.951065
0.951064
0.951062
0.951061
0.95106
0.951059
0.951058
0.951057
0.951056
0.951055
0.951054
0.951053
0.951052
0.951051
0.95105
0.951049
0.951048
0.951047
0.951046
0.951045
0.951044
0.951043
0.951042
0.951041
0.95104
0.951039
0.951038
0.951036
0.951035
0.951034
0.951033
0.951032
0.951031
0.95103
0.951029
0.951028
0.951027
0.951026
0.951025
0.951024
0.951023
0.951022
0.951021
0.95102
0.951019
0.951018
0.951017
0.951016
0.951015
0.951014
0.951013
0.951012
0.951011
0.95101
0.951009
0.951008
0.951007
0.951006
0.951005
0.951004
0.951003
0.951002
0.951001
0.951
0.950999
0.950998
0.950997
0.950996
0.950995
0.950994
0.950993
0.950992
0.950991
0.95099
0.950989
0.950988
0.950987
0.950986
0.950985
0.950984
0.950983
0.950982
0.950981
0.95098
0.950979
0.950978
0.950977
0.950976
0.950975
0.950974
0.950973
0.950972
0.950971
0.95097
0.950969
0.950968
0.950967
0.950966
0.950965
0.950964
0.950963
0.950962
0.950961
0.95096
0.950959
0.950958
0.950957
0.950956
0.950955
0.950954
0.950953
0.950952
0.950951
0.95095
0.950949
0.950948
0.950947
0.950946
0.950945
0.950944
0.950943
0.950942
0.950941
0.95094
0.950939
0.950938
0.950937
0.950936
0.950935
0.950934
0.950933
0.950933
0.950932
0.950931
0.95093
0.950929
0.950928
0.950927
0.950926
0.950925
0.950924
0.950923
0.950922
0.950921
0.95092
0.950919
0.950918
0.950917
0.950916
0.950915
0.950914
0.950913
0.950912
0.950911
0.95091
0.950909
0.950909
0.950908
0.950907
0.950906
0.950905
0.950904
0.950903
0.950902
0.950901
0.9509
0.950899
0.950898
0.950897
0.950896
0.950895
0.950894
0.950893
0.950892
0.950891
0.95089
0.95089
0.950889
0.950888
0.950887
0.950886
0.950885
0.950884
0.950883
0.950882
0.950881
0.95088
0.950879
0.950878
0.950877
0.950876
0.950875
0.950875
0.950874
0.950873
0.950872
0.950871
0.95087
0.950869
0.950868
0.950867
0.950866
0.950865
0.950864
0.950863
0.950862
0.950862
0.950861
0.95086
0.950859
0.950858
0.950857
0.950856
0.950855
0.950854
0.950853
0.950852
0.950851
0.95085
0.95085
0.950849
0.950848
0.950847
0.950846
0.950845
0.950844
0.950843
0.950842
0.950841
0.95084
0.95084
0.950839
0.950838
0.950837
0.950836
0.950835
0.950834
0.950833
0.950832
0.950831
0.95083
0.95083
0.950829
0.950828
0.950827
0.950826
0.950825
0.950824
0.950823
0.950822
0.950821
0.95082
0.95082
0.950819
0.950818
0.950817
0.950816
0.950815
0.950814
0.950813
0.950812
0.950812
0.950811
0.95081
0.950809
0.950808
0.950807
0.950806
0.950805
0.950804
0.950803
0.950803
0.950802
0.950801
0.9508
0.950799
0.950798
0.950797
0.950796
0.950796
0.950795
0.950794
0.950793
0.950792
0.950791
0.95079
0.950789
0.950788
0.950788
0.950787
0.950786
0.950785
0.950784
0.950783
0.950782
0.950781
0.950781
0.95078
0.950779
0.950778
0.950777
0.950776
0.950775
0.950774
0.950774
0.950773
0.950772
0.950771
0.95077
0.950769
0.950768
0.950767
0.950767
0.950766
0.950765
0.950764
0.950763
0.950762
0.950761
0.950761
0.95076
0.950759
0.950758
0.950757
0.950756
0.950755
0.950755
0.950754
0.950753
0.950752
0.950751
0.95075
0.950749
0.950749
0.950748
0.950747
0.950746
0.950745
0.950744
0.950743
0.950743
0.950742
0.950741
0.95074
0.950739
0.950738
0.950737
0.950737
0.950736
0.950735
0.950734
0.950733
0.950732
0.950732
0.950731
0.95073
0.950729
0.950728
0.950727
0.950726
0.950726
0.950725
0.950724
0.950723
0.950722
0.950721
0.950721
0.95072
0.950719
0.950718
0.950717
0.950716
0.950716
0.950715
0.950714
0.950713
0.950712
0.950711
0.950711
0.95071
0.950709
0.950708
0.950707
0.950706
0.950706
0.950705
0.950704
0.950703
0.950702
0.950701
0.950701
0.9507
0.950699
0.950698
0.950697
0.950696
0.950696
0.950695
0.950694
0.950693
0.950692
0.950692
0.950691
0.95069
0.950689
0.950688
0.950687
0.950687
0.950686
0.950685
0.950684
0.950683
0.950683
0.950682
0.950681
0.95068
0.950679
0.950678
0.950678
0.950677
0.950676
0.950675
0.950674
0.950674
0.950673
0.950672
0.950671
0.95067
0.95067
0.950669
0.950668
0.950667
0.950666
0.950666
0.950665
0.950664
0.950663
0.950662
0.950662
0.950661
0.95066
0.950659
0.950658
0.950658
0.950657
0.950656
0.950655
0.950654
0.950654
0.950653
0.950652
0.950651
0.95065
0.95065
0.950649
0.950648
0.950647
0.950646
0.950646
0.950645
0.950644
0.950643
0.950642
0.950642
0.950641
0.95064
0.950639
0.950638
0.950638
0.950637
0.950636
0.950635
0.950635
0.950634
0.950633
0.950632
0.950631
0.950631
0.95063
0.950629
0.950628
0.950627
0.950627
0.950626
0.950625
0.950624
0.950624
0.950623
0.950622
0.950621
0.95062
0.95062
0.950619
0.950618
0.950617
0.950617
0.950616
0.950615
0.950614
0.950613
0.950613
0.950612
0.950611
0.95061
0.95061
0.950609
0.950608
0.950607
0.950607
0.950606
0.950605
0.950604
0.950603
0.950603
0.950602
0.950601
0.9506
0.9506
0.950599
0.950598
0.950597
0.950597
0.950596
0.950595
0.950594
0.950594
0.950593
0.950592
0.950591
0.95059
0.95059
0.950589
0.950588
0.950587
0.950587
0.950586
0.950585
0.950584
0.950584
0.950583
0.950582
0.950581
0.950581
0.95058
0.950579
0.950578
0.950578
0.950577
0.950576
0.950575
0.950575
0.950574
0.950573
0.950572
0.950572
0.950571
0.95057
0.950569
0.950569
0.950568
0.950567
0.950566
0.950566
0.950565
0.950564
0.950563
0.950563
0.950562
0.950561
0.950561
0.95056
0.950559
0.950558
0.950558
0.950557
0.950556
0.950555
0.950555
0.950554
0.950553
0.950552
0.950552
0.950551
0.95055
0.950549
0.950549
0.950548
0.950547
0.950547
0.950546
0.950545
0.950544
0.950544
0.950543
0.950542
0.950541
0.950541
0.95054
0.950539
0.950538
0.950538
0.950537
0.950536
0.950536
0.950535
0.950534
0.950533
0.950533
0.950532
0.950531
0.950531
0.95053
0.950529
0.950528
0.950528
0.950527
0.950526
0.950525
0.950525
0.950524
0.950523
0.950523
0.950522
0.950521
0.95052
0.95052
0.950519
0.950518
0.950518
0.950517
0.950516
0.950515
0.950515
0.950514
0.950513
0.950513
0.950512
0.950511
0.95051
0.95051
0.950509
0.950508
0.950508
0.950507
0.950506
0.950506
0.950505
0.950504
0.950503
0.950503
0.950502
0.950501
0.950501
0.9505
0.950499
0.950498
0.950498
0.950497
0.950496
0.950496
0.950495
0.950494
0.950494
0.950493
0.950492
0.950491
0.950491
0.95049
0.950489
0.950489
0.950488
0.950487
0.950487
0.950486
0.950485
0.950484
0.950484
0.950483
0.950482
0.950482
0.950481
0.95048
0.95048
0.950479
0.950478
0.950478
0.950477
0.950476
0.950476
0.950475
0.950474
0.950473
0.950473
0.950472
0.950471
0.950471
0.95047
0.950469
0.950469
0.950468
0.950467
0.950467
0.950466
0.950465
0.950465
0.950464
0.950463
0.950462
0.950462
0.950461
0.95046
0.95046
0.950459
0.950458
0.950458
0.950457
0.950456
0.950456
0.950455
0.950454
0.950454
0.950453
0.950452
0.950452
0.950451
0.95045
0.95045
0.950449
0.950448
0.950448
0.950447
0.950446
0.950446
0.950445
0.950444
0.950444
0.950443
0.950442
0.950442
0.950441
0.95044
0.95044
0.950439
0.950438
0.950438
0.950437
0.950436
0.950436
0.950435
0.950434
0.950434
0.950433
0.950432
0.950432
0.950431
0.95043
0.95043
0.950429
0.950428
0.950428
0.950427
0.950426
0.950426
0.950425
0.950424
0.950424
0.950423
0.950422
0.950422
0.950421
0.95042
0.95042
0.950419
0.950418
0.950418
0.950417
0.950417
0.950416
0.950415
0.950415
0.950414
0.950413
0.950413
0.950412
0.950411
0.950411
0.95041
0.950409
0.950409
0.950408
0.950407
0.950407
0.950406
0.950405
0.950405
0.950404
0.950404
0.950403
0.950402
0.950402
0.950401
0.9504
0.9504
0.950399
0.950398
0.950398
0.950397
0.950396
0.950396
0.950395
0.950395
0.950394
0.950393
0.950393
0.950392
0.950391
0.950391
0.95039
0.950389
0.950389
0.950388
0.950388
0.950387
0.950386
0.950386
0.950385
0.950384
0.950384
0.950383
0.950382
0.950382
0.950381
0.950381
0.95038
0.950379
0.950379
0.950378
0.950377
0.950377
0.950376
0.950376
0.950375
0.950374
0.950374
0.950373
0.950372
0.950372
0.950371
0.950371
0.95037
0.950369
0.950369
0.950368
0.950367
0.950367
0.950366
0.950366
0.950365
0.950364
0.950364
0.950363
0.950362
0.950362
0.950361
0.950361
0.95036
0.950359
0.950359
0.950358
0.950358
0.950357
0.950356
0.950356
0.950355
0.950354
0.950354
0.950353
0.950353
0.950352
0.950351
0.950351
0.95035
0.95035
0.950349
0.950348
0.950348
0.950347
0.950346
0.950346
0.950345
0.950345
0.950344
0.950343
0.950343
0.950342
0.950342
0.950341
0.95034
0.95034
0.950339
0.950339
0.950338
0.950337
0.950337
0.950336
0.950336
0.950335
0.950334
0.950334
0.950333
0.950333
0.950332
0.950331
0.950331
0.95033
0.95033
0.950329
0.950328
0.950328
0.950327
0.950327
0.950326
0.950325
0.950325
0.950324
0.950324
0.950323
0.950322
0.950322
0.950321
0.950321
0.95032
0.950319
0.950319
0.950318
0.950318
0.950317
0.950316
0.950316
0.950315
0.950315
0.950314
0.950314
0.950313
0.950312
0.950312
0.950311
0.950311
0.95031
0.950309
0.950309
0.950308
0.950308
0.950307
0.950306
0.950306
0.950305
0.950305
0.950304
0.950304
0.950303
0.950302
0.950302
0.950301
0.950301
0.9503
0.950299
0.950299
0.950298
0.950298
0.950297
0.950297
0.950296
0.950295
0.950295
0.950294
0.950294
0.950293
0.950293
0.950292
0.950291
0.950291
0.95029
0.95029
0.950289
0.950289
0.950288
0.950287
0.950287
0.950286
0.950286
0.950285
0.950284
0.950284
0.950283
0.950283
0.950282
0.950282
0.950281
0.950281
0.95028
0.950279
0.950279
0.950278
0.950278
0.950277
0.950277
0.950276
0.950275
0.950275
0.950274
0.950274
0.950273
0.950273
0.950272
0.950271
0.950271
0.95027
0.95027
0.950269
0.950269
0.950268
0.950268
0.950267
0.950266
0.950266
0.950265
0.950265
0.950264
0.950264
0.950263
0.950262
0.950262
0.950261
0.950261
0.95026
0.95026
0.950259
0.950259
0.950258
0.950257
0.950257
0.950256
0.950256
0.950255
0.950255
0.950254
0.950254
0.950253
0.950252
0.950252
0.950251
0.950251
0.95025
0.95025
0.950249
0.950249
0.950248
0.950248
0.950247
0.950246
0.950246
0.950245
0.950245
0.950244
0.950244
0.950243
0.950243
0.950242
0.950241
0.950241
0.95024
0.95024
0.950239
0.950239
0.950238
0.950238
0.950237
0.950237
0.950236
0.950236
0.950235
0.950234
0.950234
0.950233
0.950233
0.950232
0.950232
0.950231
0.950231
0.95023
0.95023
0.950229
0.950229
0.950228
0.950227
0.950227
0.950226
0.950226
0.950225
0.950225
0.950224
0.950224
0.950223
0.950223
0.950222
0.950222
0.950221
0.95022
0.95022
0.950219
0.950219
0.950218
0.950218
0.950217
0.950217
0.950216
0.950216
0.950215
0.950215
0.950214
0.950214
0.950213
0.950213
0.950212
0.950211
0.950211
0.95021
0.95021
0.950209
0.950209
0.950208
0.950208
0.950207
0.950207
0.950206
0.950206
0.950205
0.950205
0.950204
0.950204
0.950203
0.950203
0.950202
0.950202
0.950201
0.9502
0.9502
0.950199
0.950199
0.950198
0.950198
0.950197
0.950197
0.950196
0.950196
0.950195
0.950195
0.950194
0.950194
0.950193
0.950193
0.950192
0.950192
0.950191
0.950191
0.95019
0.95019
0.950189
0.950189
0.950188
0.950188
0.950187
0.950187
0.950186
0.950186
0.950185
0.950184
0.950184
0.950183
0.950183
0.950182
0.950182
0.950181
0.950181
0.95018
0.95018
0.950179
0.950179
0.950178
0.950178
0.950177
0.950177
0.950176
0.950176
0.950175
0.950175
0.950174
0.950174
0.950173
0.950173
0.950172
0.950172
0.950171
0.950171
0.95017
0.95017
0.950169
0.950169
0.950168
0.950168
0.950167
0.950167
0.950166
0.950166
0.950165
0.950165
0.950164
0.950164
0.950163
0.950163
0.950162
0.950162
0.950161
0.950161
0.95016
0.95016
0.950159
0.950159
0.950158
0.950158
0.950157
0.950157
0.950156
0.950156
0.950155
0.950155
0.950154
0.950154
0.950153
0.950153
0.950152
0.950152
0.950151
0.950151
0.95015
0.95015
0.95015
0.950149
0.950149
0.950148
0.950148
0.950147
0.950147
0.950146
0.950146
0.950145
0.950145
0.950144
0.950144
0.950143
0.950143
0.950142
0.950142
0.950141
0.950141
0.95014
0.95014
0.950139
0.950139
0.950138
0.950138
0.950137
0.950137
0.950136
0.950136
0.950135
0.950135
0.950135
0.950134
0.950134
0.950133
0.950133
0.950132
0.950132
0.950131
0.950131
0.95013
0.95013
0.950129
0.950129
0.950128
0.950128
0.950127
0.950127
0.950126
0.950126
0.950125
0.950125
0.950124
0.950124
0.950124
0.950123
0.950123
0.950122
0.950122
0.950121
0.950121
0.95012
0.95012
0.950119
0.950119
0.950118
0.950118
0.950117
0.950117
0.950116
0.950116
0.950116
0.950115
0.950115
0.950114
0.950114
0.950113
0.950113
0.950112
0.950112
0.950111
0.950111
0.95011
0.95011
0.950109
0.950109
0.950109
0.950108
0.950108
0.950107
0.950107
0.950106
0.950106
0.950105
0.950105
0.950104
0.950104
0.950103
0.950103
0.950103
0.950102
0.950102
0.950101
0.950101
0.9501
0.9501
0.950099
0.950099
0.950098
0.950098
0.950097
0.950097
0.950097
0.950096
0.950096
0.950095
0.950095
0.950094
0.950094
0.950093
0.950093
0.950092
0.950092
0.950092
0.950091
0.950091
0.95009
0.95009
0.950089
0.950089
0.950088
0.950088
0.950087
0.950087
0.950087
0.950086
0.950086
0.950085
0.950085
0.950084
0.950084
0.950083
0.950083
0.950083
0.950082
0.950082
0.950081
0.950081
0.95008
0.95008
0.950079
0.950079
0.950079
0.950078
0.950078
0.950077
0.950077
0.950076
0.950076
0.950075
0.950075
0.950075
0.950074
0.950074
0.950073
0.950073
0.950072
0.950072
0.950071
0.950071
0.950071
0.95007
0.95007
0.950069
0.950069
0.950068
0.950068
0.950067
0.950067
0.950067
0.950066
0.950066
0.950065
0.950065
0.950064
0.950064
0.950064
0.950063
0.950063
0.950062
0.950062
0.950061
0.950061
0.95006
0.95006
0.95006
0.950059
0.950059
0.950058
0.950058
0.950057
0.950057
0.950057
0.950056
0.950056
0.950055
0.950055
0.950054
0.950054
0.950054
0.950053
0.950053
0.950052
0.950052
0.950051
0.950051
0.950051
0.95005
0.95005
0.950049
0.950049
0.950048
0.950048
0.950048
0.950047
0.950047
0.950046
0.950046
0.950045
0.950045
0.950045
0.950044
0.950044
0.950043
0.950043
0.950042
0.950042
0.950042
0.950041
0.950041
0.95004
0.95004
0.95004
0.950039
0.950039
0.950038
0.950038
0.950037
0.950037
0.950037
0.950036
0.950036
0.950035
0.950035
0.950034
0.950034
0.950034
0.950033
0.950033
0.950032
0.950032
0.950032
0.950031
0.950031
0.95003
0.95003
0.950029
0.950029
0.950029
0.950028
0.950028
0.950027
0.950027
0.950027
0.950026
0.950026
0.950025
0.950025
0.950024
0.950024
0.950024
0.950023
0.950023
0.950022
0.950022
0.950022
0.950021
0.950021
0.95002
0.95002
0.95002
0.950019
0.950019
0.950018
0.950018
0.950018
0.950017
0.950017
0.950016
0.950016
0.950015
0.950015
0.950015
0.950014
0.950014
0.950013
0.950013
0.950013
0.950012
0.950012
0.950011
0.950011
0.950011
0.95001
0.95001
0.950009
0.950009
0.950009
0.950008
0.950008
0.950007
0.950007
0.950007
0.950006
0.950006
0.950005
0.950005
0.950005
0.950004
0.950004
0.950003
0.950003
0.950003
0.950002
0.950002
0.950001
0.950001
0.950001
0.95
0.95
0.949999
0.949999
0.949999
0.949998
0.949998
0.949997
0.949997
0.949997
0.949996
0.949996
0.949995
0.949995
0.949995
0.949994
0.949994
0.949993
0.949993
0.949993
0.949992
0.949992
0.949991
0.949991
0.949991
0.94999
0.94999
0.94999
0.949989
0.949989
0.949988
0.949988
0.949988
0.949987
0.949987
0.949986
0.949986
0.949986
0.949985
0.949985
0.949984
0.949984
0.949984
0.949983
0.949983
0.949983
0.949982
0.949982
0.949981
0.949981
0.949981
0.94998
0.94998
0.949979
0.949979
0.949979
0.949978
0.949978
0.949978
0.949977
0.949977
0.949976
0.949976
0.949976
0.949975
0.949975
0.949974
0.949974
0.949974
0.949973
0.949973
0.949973
0.949972
0.949972
0.949971
0.949971
0.949971
0.94997
0.94997
0.94997
0.949969
0.949969
0.949968
0.949968
0.949968
0.949967
0.949967
0.949966
0.949966
0.949966
0.949965
0.949965
0.949965
0.949964
0.949964
0.949963
0.949963
0.949963
0.949962
0.949962
0.949962
0.949961
0.949961
0.94996
0.94996
0.94996
0.949959
0.949959
0.949959
0.949958
0.949958
0.949958
0.949957
0.949957
0.949956
0.949956
0.949956
0.949955
0.949955
0.949955
0.949954
0.949954
0.949953
0.949953
0.949953
0.949952
0.949952
0.949952
0.949951
0.949951
0.94995
0.94995
0.94995
0.949949
0.949949
0.949949
0.949948
0.949948
0.949948
0.949947
0.949947
0.949946
0.949946
0.949946
0.949945
0.949945
0.949945
0.949944
0.949944
0.949944
0.949943
0.949943
0.949942
0.949942
0.949942
0.949941
0.949941
0.949941
0.94994
0.94994
0.94994
0.949939
0.949939
0.949938
0.949938
0.949938
0.949937
0.949937
0.949937
0.949936
0.949936
0.949936
0.949935
0.949935
0.949935
0.949934
0.949934
0.949933
0.949933
0.949933
0.949932
0.949932
0.949932
0.949931
0.949931
0.949931
0.94993
0.94993
0.94993
0.949929
0.949929
0.949928
0.949928
0.949928
0.949927
0.949927
0.949927
0.949926
0.949926
0.949926
0.949925
0.949925
0.949925
0.949924
0.949924
0.949924
0.949923
0.949923
0.949923
0.949922
0.949922
0.949921
0.949921
0.949921
0.94992
0.94992
0.94992
0.949919
0.949919
0.949919
0.949918
0.949918
0.949918
0.949917
0.949917
0.949917
0.949916
0.949916
0.949916
0.949915
0.949915
0.949915
0.949914
0.949914
0.949913
0.949913
0.949913
0.949912
0.949912
0.949912
0.949911
0.949911
0.949911
0.94991
0.94991
0.94991
0.949909
0.949909
0.949909
0.949908
0.949908
0.949908
0.949907
0.949907
0.949907
0.949906
0.949906
0.949906
0.949905
0.949905
0.949905
0.949904
0.949904
0.949904
0.949903
0.949903
0.949903
0.949902
0.949902
0.949902
0.949901
0.949901
0.949901
0.9499
0.9499
0.9499
0.949899
0.949899
0.949899
0.949898
0.949898
0.949898
0.949897
0.949897
0.949897
0.949896
0.949896
0.949896
0.949895
0.949895
0.949895
0.949894
0.949894
0.949894
0.949893
0.949893
0.949893
0.949892
0.949892
0.949892
0.949891
0.949891
0.949891
0.94989
0.94989
0.94989
0.949889
0.949889
0.949889
0.949888
0.949888
0.949888
0.949887
0.949887
0.949887
0.949886
0.949886
0.949886
0.949885
0.949885
0.949885
0.949884
0.949884
0.949884
0.949883
0.949883
0.949883
0.949882
0.949882
0.949882
0.949881
0.949881
0.949881
0.94988
0.94988
0.94988
0.949879
0.949879
0.949879
0.949878
0.949878
0.949878
0.949877
0.949877
0.949877
0.949876
0.949876
0.949876
0.949876
0.949875
0.949875
0.949875
0.949874
0.949874
0.949874
0.949873
0.949873
0.949873
0.949872
0.949872
0.949872
0.949871
0.949871
0.949871
0.94987
0.94987
0.94987
0.949869
0.949869
0.949869
0.949869
0.949868
0.949868
0.949868
0.949867
0.949867
0.949867
0.949866
0.949866
0.949866
0.949865
0.949865
0.949865
0.949864
0.949864
0.949864
0.949863
0.949863
0.949863
0.949863
0.949862
0.949862
0.949862
0.949861
0.949861
0.949861
0.94986
0.94986
0.94986
0.949859
0.949859
0.949859
0.949858
0.949858
0.949858
0.949858
0.949857
0.949857
0.949857
0.949856
0.949856
0.949856
0.949855
0.949855
0.949855
0.949854
0.949854
0.949854
0.949854
0.949853
0.949853
0.949853
0.949852
0.949852
0.949852
0.949851
0.949851
0.949851
0.94985
0.94985
0.94985
0.94985
0.949849
0.949849
0.949849
0.949848
0.949848
0.949848
0.949847
0.949847
0.949847
0.949846
0.949846
0.949846
0.949846
0.949845
0.949845
0.949845
0.949844
0.949844
0.949844
0.949843
0.949843
0.949843
0.949843
0.949842
0.949842
0.949842
0.949841
0.949841
0.949841
0.94984
0.94984
0.94984
0.94984
0.949839
0.949839
0.949839
0.949838
0.949838
0.949838
0.949837
0.949837
0.949837
0.949837
0.949836
0.949836
0.949836
0.949835
0.949835
0.949835
0.949834
0.949834
0.949834
0.949834
0.949833
0.949833
0.949833
0.949832
0.949832
0.949832
0.949832
0.949831
0.949831
0.949831
0.94983
0.94983
0.94983
0.949829
0.949829
0.949829
0.949829
0.949828
0.949828
0.949828
0.949827
0.949827
0.949827
0.949827
0.949826
0.949826
0.949826
0.949825
0.949825
0.949825
0.949825
0.949824
0.949824
0.949824
0.949823
0.949823
0.949823
0.949822
0.949822
0.949822
0.949822
0.949821
0.949821
0.949821
0.94982
0.94982
0.94982
0.94982
0.949819
0.949819
0.949819
0.949818
0.949818
0.949818
0.949818
0.949817
0.949817
0.949817
0.949816
0.949816
0.949816
0.949816
0.949815
0.949815
0.949815
0.949814
0.949814
0.949814
0.949814
0.949813
0.949813
0.949813
0.949812
0.949812
0.949812
0.949812
0.949811
0.949811
0.949811
0.94981
0.94981
0.94981
0.94981
0.949809
0.949809
0.949809
0.949809
0.949808
0.949808
0.949808
0.949807
0.949807
0.949807
0.949807
0.949806
0.949806
0.949806
0.949805
0.949805
0.949805
0.949805
0.949804
0.949804
0.949804
0.949804
0.949803
0.949803
0.949803
0.949802
0.949802
0.949802
0.949802
0.949801
0.949801
0.949801
0.9498
0.9498
0.9498
0.9498
0.949799
0.949799
0.949799
0.949799
0.949798
0.949798
0.949798
0.949797
0.949797
0.949797
0.949797
0.949796
0.949796
0.949796
0.949796
0.949795
0.949795
0.949795
0.949794
0.949794
0.949794
0.949794
0.949793
0.949793
0.949793
0.949793
0.949792
0.949792
0.949792
0.949791
0.949791
0.949791
0.949791
0.94979
0.94979
0.94979
0.94979
0.949789
0.949789
0.949789
0.949789
0.949788
0.949788
0.949788
0.949787
0.949787
0.949787
0.949787
0.949786
0.949786
0.949786
0.949786
0.949785
0.949785
0.949785
0.949785
0.949784
0.949784
0.949784
0.949783
0.949783
0.949783
0.949783
0.949782
0.949782
0.949782
0.949782
0.949781
0.949781
0.949781
0.949781
0.94978
0.94978
0.94978
0.949779
0.949779
0.949779
0.949779
0.949778
0.949778
0.949778
0.949778
0.949777
0.949777
0.949777
0.949777
0.949776
0.949776
0.949776
0.949776
0.949775
0.949775
0.949775
0.949775
0.949774
0.949774
0.949774
0.949773
0.949773
0.949773
0.949773
0.949772
0.949772
0.949772
0.949772
0.949771
0.949771
0.949771
0.949771
0.94977
0.94977
0.94977
0.94977
0.949769
0.949769
0.949769
0.949769
0.949768
0.949768
0.949768
0.949768
0.949767
0.949767
0.949767
0.949767
0.949766
0.949766
0.949766
0.949766
0.949765
0.949765
0.949765
0.949765
0.949764
0.949764
0.949764
0.949764
0.949763
0.949763
0.949763
0.949762
0.949762
0.949762
0.949762
0.949761
0.949761
0.949761
0.949761
0.94976
0.94976
0.94976
0.94976
0.949759
0.949759
0.949759
0.949759
0.949758
0.949758
0.949758
0.949758
0.949757
0.949757
0.949757
0.949757
0.949756
0.949756
0.949756
0.949756
0.949755
0.949755
0.949755
0.949755
0.949755
0.949754
0.949754
0.949754
0.949754
0.949753
0.949753
0.949753
0.949753
0.949752
0.949752
0.949752
0.949752
0.949751
0.949751
0.949751
0.949751
0.94975
0.94975
0.94975
0.94975
0.949749
0.949749
0.949749
0.949749
0.949748
0.949748
0.949748
0.949748
0.949747
0.949747
0.949747
0.949747
0.949746
0.949746
0.949746
0.949746
0.949745
0.949745
0.949745
0.949745
0.949744
0.949744
0.949744
0.949744
0.949744
0.949743
0.949743
0.949743
0.949743
0.949742
0.949742
0.949742
0.949742
0.949741
0.949741
0.949741
0.949741
0.94974
0.94974
0.94974
0.94974
0.949739
0.949739
0.949739
0.949739
0.949739
0.949738
0.949738
0.949738
0.949738
0.949737
0.949737
0.949737
0.949737
0.949736
0.949736
0.949736
0.949736
0.949735
0.949735
0.949735
0.949735
0.949734
0.949734
0.949734
0.949734
0.949734
0.949733
0.949733
0.949733
0.949733
0.949732
0.949732
0.949732
0.949732
0.949731
0.949731
0.949731
0.949731
0.949731
0.94973
0.94973
0.94973
0.94973
0.949729
0.949729
0.949729
0.949729
0.949728
0.949728
0.949728
0.949728
0.949728
0.949727
0.949727
0.949727
0.949727
0.949726
0.949726
0.949726
0.949726
0.949725
0.949725
0.949725
0.949725
0.949725
0.949724
0.949724
0.949724
0.949724
0.949723
0.949723
0.949723
0.949723
0.949722
0.949722
0.949722
0.949722
0.949722
0.949721
0.949721
0.949721
0.949721
0.94972
0.94972
0.94972
0.94972
0.94972
0.949719
0.949719
0.949719
0.949719
0.949718
0.949718
0.949718
0.949718
0.949717
0.949717
0.949717
0.949717
0.949717
0.949716
0.949716
0.949716
0.949716
0.949715
0.949715
0.949715
0.949715
0.949715
0.949714
0.949714
0.949714
0.949714
0.949713
0.949713
0.949713
0.949713
0.949713
0.949712
0.949712
0.949712
0.949712
0.949711
0.949711
0.949711
0.949711
0.949711
0.94971
0.94971
0.94971
0.94971
0.949709
0.949709
0.949709
0.949709
0.949709
0.949708
0.949708
0.949708
0.949708
0.949708
0.949707
0.949707
0.949707
0.949707
0.949706
0.949706
0.949706
0.949706
0.949706
0.949705
0.949705
0.949705
0.949705
0.949704
0.949704
0.949704
0.949704
0.949704
0.949703
0.949703
0.949703
0.949703
0.949703
0.949702
0.949702
0.949702
0.949702
0.949701
0.949701
0.949701
0.949701
0.949701
0.9497
0.9497
0.9497
0.9497
0.9497
0.949699
0.949699
0.949699
0.949699
0.949698
0.949698
0.949698
0.949698
0.949698
0.949697
0.949697
0.949697
0.949697
0.949697
0.949696
0.949696
0.949696
0.949696
0.949695
0.949695
0.949695
0.949695
0.949695
0.949694
0.949694
0.949694
0.949694
0.949694
0.949693
0.949693
0.949693
0.949693
0.949693
0.949692
0.949692
0.949692
0.949692
0.949691
0.949691
0.949691
0.949691
0.949691
0.94969
0.94969
0.94969
0.94969
0.94969
0.949689
0.949689
0.949689
0.949689
0.949689
0.949688
0.949688
0.949688
0.949688
0.949688
0.949687
0.949687
0.949687
0.949687
0.949687
0.949686
0.949686
0.949686
0.949686
0.949685
0.949685
0.949685
0.949685
0.949685
0.949684
0.949684
0.949684
0.949684
0.949684
0.949683
0.949683
0.949683
0.949683
0.949683
0.949682
0.949682
0.949682
0.949682
0.949682
0.949681
0.949681
0.949681
0.949681
0.949681
0.94968
0.94968
0.94968
0.94968
0.94968
0.949679
0.949679
0.949679
0.949679
0.949679
0.949678
0.949678
0.949678
0.949678
0.949678
0.949677
0.949677
0.949677
0.949677
0.949677
0.949676
0.949676
0.949676
0.949676
0.949676
0.949675
0.949675
0.949675
0.949675
0.949675
0.949674
0.949674
0.949674
0.949674
0.949674
0.949673
0.949673
0.949673
0.949673
0.949673
0.949672
0.949672
0.949672
0.949672
0.949672
0.949671
0.949671
0.949671
0.949671
0.949671
0.94967
0.94967
0.94967
0.94967
0.94967
0.949669
0.949669
0.949669
0.949669
0.949669
0.949668
0.949668
0.949668
0.949668
0.949668
0.949668
0.949667
0.949667
0.949667
0.949667
0.949667
0.949666
0.949666
0.949666
0.949666
0.949666
0.949665
0.949665
0.949665
0.949665
0.949665
0.949664
0.949664
0.949664
0.949664
0.949664
0.949663
0.949663
0.949663
0.949663
0.949663
0.949663
0.949662
0.949662
0.949662
0.949662
0.949662
0.949661
0.949661
0.949661
0.949661
0.949661
0.94966
0.94966
0.94966
0.94966
0.94966
0.949659
0.949659
0.949659
0.949659
0.949659
0.949659
0.949658
0.949658
0.949658
0.949658
0.949658
0.949657
0.949657
0.949657
0.949657
0.949657
0.949656
0.949656
0.949656
0.949656
0.949656
0.949656
0.949655
0.949655
0.949655
0.949655
0.949655
0.949654
0.949654
0.949654
0.949654
0.949654
0.949653
0.949653
0.949653
0.949653
0.949653
0.949653
0.949652
0.949652
0.949652
0.949652
0.949652
0.949651
0.949651
0.949651
0.949651
0.949651
0.949651
0.94965
0.94965
0.94965
0.94965
0.94965
0.949649
0.949649
0.949649
0.949649
0.949649
0.949649
0.949648
0.949648
0.949648
0.949648
0.949648
0.949647
0.949647
0.949647
0.949647
0.949647
0.949647
0.949646
0.949646
0.949646
0.949646
0.949646
0.949645
0.949645
0.949645
0.949645
0.949645
0.949645
0.949644
0.949644
0.949644
0.949644
0.949644
0.949643
0.949643
0.949643
0.949643
0.949643
0.949643
0.949642
0.949642
0.949642
0.949642
0.949642
0.949641
0.949641
0.949641
0.949641
0.949641
0.949641
0.94964
0.94964
0.94964
0.94964
0.94964
0.94964
0.949639
0.949639
0.949639
0.949639
0.949639
0.949638
0.949638
0.949638
0.949638
0.949638
0.949638
0.949637
0.949637
0.949637
0.949637
0.949637
0.949637
0.949636
0.949636
0.949636
0.949636
0.949636
0.949635
0.949635
0.949635
0.949635
0.949635
0.949635
0.949634
0.949634
0.949634
0.949634
0.949634
0.949634
0.949633
0.949633
0.949633
0.949633
0.949633
0.949633
0.949632
0.949632
0.949632
0.949632
0.949632
0.949631
0.949631
0.949631
0.949631
0.949631
0.949631
0.94963
0.94963
0.94963
0.94963
0.94963
0.94963
0.949629
0.949629
0.949629
0.949629
0.949629
0.949629
0.949628
0.949628
0.949628
0.949628
0.949628
0.949628
0.949627
0.949627
0.949627
0.949627
0.949627
0.949627
0.949626
0.949626
0.949626
0.949626
0.949626
0.949626
0.949625
0.949625
0.949625
0.949625
0.949625
0.949625
0.949624
0.949624
0.949624
0.949624
0.949624
0.949624
0.949623
0.949623
0.949623
0.949623
0.949623
0.949623
0.949622
0.949622
0.949622
0.949622
0.949622
0.949622
0.949621
0.949621
0.949621
0.949621
0.949621
0.949621
0.94962
0.94962
0.94962
0.94962
0.94962
0.94962
0.949619
0.949619
0.949619
0.949619
0.949619
0.949619
0.949618
0.949618
0.949618
0.949618
0.949618
0.949618
0.949617
0.949617
0.949617
0.949617
0.949617
0.949617
0.949616
0.949616
0.949616
0.949616
0.949616
0.949616
0.949615
0.949615
0.949615
0.949615
0.949615
0.949615
0.949614
0.949614
0.949614
0.949614
0.949614
0.949614
0.949614
0.949613
0.949613
0.949613
0.949613
0.949613
0.949613
0.949612
0.949612
0.949612
0.949612
0.949612
0.949612
0.949611
0.949611
0.949611
0.949611
0.949611
0.949611
0.94961
0.94961
0.94961
0.94961
0.94961
0.94961
0.94961
0.949609
0.949609
0.949609
0.949609
0.949609
0.949609
0.949608
0.949608
0.949608
0.949608
0.949608
0.949608
0.949607
0.949607
0.949607
0.949607
0.949607
0.949607
0.949607
0.949606
0.949606
0.949606
0.949606
0.949606
0.949606
0.949605
0.949605
0.949605
0.949605
0.949605
0.949605
0.949604
0.949604
0.949604
0.949604
0.949604
0.949604
0.949604
0.949603
0.949603
0.949603
0.949603
0.949603
0.949603
0.949602
0.949602
0.949602
0.949602
0.949602
0.949602
0.949602
0.949601
0.949601
0.949601
0.949601
0.949601
0.949601
0.9496
0.9496
0.9496
0.9496
0.9496
0.9496
0.9496
0.949599
0.949599
0.949599
0.949599
0.949599
0.949599
0.949598
0.949598
0.949598
0.949598
0.949598
0.949598
0.949598
0.949597
0.949597
0.949597
0.949597
0.949597
0.949597
0.949597
0.949596
0.949596
0.949596
0.949596
0.949596
0.949596
0.949595
0.949595
0.949595
0.949595
0.949595
0.949595
0.949595
0.949594
0.949594
0.949594
0.949594
0.949594
0.949594
0.949594
0.949593
0.949593
0.949593
0.949593
0.949593
0.949593
0.949592
0.949592
0.949592
0.949592
0.949592
0.949592
0.949592
0.949591
0.949591
0.949591
0.949591
0.949591
0.949591
0.949591
0.94959
0.94959
0.94959
0.94959
0.94959
0.94959
0.94959
0.949589
0.949589
0.949589
0.949589
0.949589
0.949589
0.949589
0.949588
0.949588
0.949588
0.949588
0.949588
0.949588
0.949588
0.949587
0.949587
0.949587
0.949587
0.949587
0.949587
0.949586
0.949586
0.949586
0.949586
0.949586
0.949586
0.949586
0.949585
0.949585
0.949585
0.949585
0.949585
0.949585
0.949585
0.949584
0.949584
0.949584
0.949584
0.949584
0.949584
0.949584
0.949583
0.949583
0.949583
0.949583
0.949583
0.949583
0.949583
0.949582
0.949582
0.949582
0.949582
0.949582
0.949582
0.949582
0.949581
0.949581
0.949581
0.949581
0.949581
0.949581
0.949581
0.949581
0.94958
0.94958
0.94958
0.94958
0.94958
0.94958
0.94958
0.949579
0.949579
0.949579
0.949579
0.949579
0.949579
0.949579
0.949578
0.949578
0.949578
0.949578
0.949578
0.949578
0.949578
0.949577
0.949577
0.949577
0.949577
0.949577
0.949577
0.949577
0.949576
0.949576
0.949576
0.949576
0.949576
0.949576
0.949576
0.949575
0.949575
0.949575
0.949575
0.949575
0.949575
0.949575
0.949575
0.949574
0.949574
0.949574
0.949574
0.949574
0.949574
0.949574
0.949573
0.949573
0.949573
0.949573
0.949573
0.949573
0.949573
0.949572
0.949572
0.949572
0.949572
0.949572
0.949572
0.949572
0.949572
0.949571
0.949571
0.949571
0.949571
0.949571
0.949571
0.949571
0.94957
0.94957
0.94957
0.94957
0.94957
0.94957
0.94957
0.94957
0.949569
0.949569
0.949569
0.949569
0.949569
0.949569
0.949569
0.949568
0.949568
0.949568
0.949568
0.949568
0.949568
0.949568
0.949568
0.949567
0.949567
0.949567
0.949567
0.949567
0.949567
0.949567
0.949566
0.949566
0.949566
0.949566
0.949566
0.949566
0.949566
0.949566
0.949565
0.949565
0.949565
0.949565
0.949565
0.949565
0.949565
0.949564
0.949564
0.949564
0.949564
0.949564
0.949564
0.949564
0.949564
0.949563
0.949563
0.949563
0.949563
0.949563
0.949563
0.949563
0.949563
0.949562
0.949562
0.949562
0.949562
0.949562
0.949562
0.949562
0.949561
0.949561
0.949561
0.949561
0.949561
0.949561
0.949561
0.949561
0.94956
0.94956
0.94956
0.94956
0.94956
0.94956
0.94956
0.94956
0.949559
0.949559
0.949559
0.949559
0.949559
0.949559
0.949559
0.949559
0.949558
0.949558
0.949558
0.949558
0.949558
0.949558
0.949558
0.949558
0.949557
0.949557
0.949557
0.949557
0.949557
0.949557
0.949557
0.949556
0.949556
0.949556
0.949556
0.949556
0.949556
0.949556
0.949556
0.949555
0.949555
0.949555
0.949555
0.949555
0.949555
0.949555
0.949555
0.949554
0.949554
0.949554
0.949554
0.949554
0.949554
0.949554
0.949554
0.949553
0.949553
0.949553
0.949553
0.949553
0.949553
0.949553
0.949553
0.949552
0.949552
0.949552
0.949552
0.949552
0.949552
0.949552
0.949552
0.949552
0.949551
0.949551
0.949551
0.949551
0.949551
0.949551
0.949551
0.949551
0.94955
0.94955
0.94955
0.94955
0.94955
0.94955
0.94955
0.94955
0.949549
0.949549
0.949549
0.949549
0.949549
0.949549
0.949549
0.949549
0.949548
0.949548
0.949548
0.949548
0.949548
0.949548
0.949548
0.949548
0.949547
0.949547
0.949547
0.949547
0.949547
0.949547
0.949547
0.949547
0.949547
0.949546
0.949546
0.949546
0.949546
0.949546
0.949546
0.949546
0.949546
0.949545
0.949545
0.949545
0.949545
0.949545
0.949545
0.949545
0.949545
0.949544
0.949544
0.949544
0.949544
0.949544
0.949544
0.949544
0.949544
0.949544
0.949543
0.949543
0.949543
0.949543
0.949543
0.949543
0.949543
0.949543
0.949542
0.949542
0.949542
0.949542
0.949542
0.949542
0.949542
0.949542
0.949542
0.949541
0.949541
0.949541
0.949541
0.949541
0.949541
0.949541
0.949541
0.94954
0.94954
0.94954
0.94954
0.94954
0.94954
0.94954
0.94954
0.94954
0.949539
0.949539
0.949539
0.949539
0.949539
0.949539
0.949539
0.949539
0.949539
0.949538
0.949538
0.949538
0.949538
0.949538
0.949538
0.949538
0.949538
0.949537
0.949537
0.949537
0.949537
0.949537
0.949537
0.949537
0.949537
0.949537
0.949536
0.949536
0.949536
0.949536
0.949536
0.949536
0.949536
0.949536
0.949536
0.949535
0.949535
0.949535
0.949535
0.949535
0.949535
0.949535
0.949535
0.949535
0.949534
0.949534
0.949534
0.949534
0.949534
0.949534
0.949534
0.949534
0.949534
0.949533
0.949533
0.949533
0.949533
0.949533
0.949533
0.949533
0.949533
0.949533
0.949532
0.949532
0.949532
0.949532
0.949532
0.949532
0.949532
0.949532
0.949532
0.949531
0.949531
0.949531
0.949531
0.949531
0.949531
0.949531
0.949531
0.949531
0.94953
0.94953
0.94953
0.94953
0.94953
0.94953
0.94953
0.94953
0.94953
0.949529
0.949529
0.949529
0.949529
0.949529
0.949529
0.949529
0.949529
0.949529
0.949528
0.949528
0.949528
0.949528
0.949528
0.949528
0.949528
0.949528
0.949528
0.949527
0.949527
0.949527
0.949527
0.949527
0.949527
0.949527
0.949527
0.949527
0.949526
0.949526
0.949526
0.949526
0.949526
0.949526
0.949526
0.949526
0.949526
0.949526
0.949525
0.949525
0.949525
0.949525
0.949525
0.949525
0.949525
0.949525
0.949525
0.949524
0.949524
0.949524
0.949524
0.949524
0.949524
0.949524
0.949524
0.949524
0.949523
0.949523
0.949523
0.949523
0.949523
0.949523
0.949523
0.949523
0.949523
0.949523
0.949522
0.949522
0.949522
0.949522
0.949522
0.949522
0.949522
0.949522
0.949522
0.949521
0.949521
0.949521
0.949521
0.949521
0.949521
0.949521
0.949521
0.949521
0.949521
0.94952
0.94952
0.94952
0.94952
0.94952
0.94952
0.94952
0.94952
0.94952
0.94952
0.949519
0.949519
0.949519
0.949519
0.949519
0.949519
0.949519
0.949519
0.949519
0.949518
0.949518
0.949518
0.949518
0.949518
0.949518
0.949518
0.949518
0.949518
0.949518
0.949517
0.949517
0.949517
0.949517
0.949517
0.949517
0.949517
0.949517
0.949517
0.949517
0.949516
0.949516
0.949516
0.949516
0.949516
0.949516
0.949516
0.949516
0.949516
0.949516
0.949515
0.949515
0.949515
0.949515
0.949515
0.949515
0.949515
0.949515
0.949515
0.949515
0.949514
0.949514
0.949514
0.949514
0.949514
0.949514
0.949514
0.949514
0.949514
0.949514
0.949513
0.949513
0.949513
0.949513
0.949513
0.949513
0.949513
0.949513
0.949513
0.949513
0.949512
0.949512
0.949512
0.949512
0.949512
0.949512
0.949512
0.949512
0.949512
0.949512
0.949511
0.949511
0.949511
0.949511
0.949511
0.949511
0.949511
0.949511
0.949511
0.949511
0.94951
0.94951
0.94951
0.94951
0.94951
0.94951
0.94951
0.94951
0.94951
0.94951
0.949509
0.949509
0.949509
0.949509
0.949509
0.949509
0.949509
0.949509
0.949509
0.949509
0.949509
0.949508
0.949508
0.949508
0.949508
0.949508
0.949508
0.949508
0.949508
0.949508
0.949508
0.949507
0.949507
0.949507
0.949507
0.949507
0.949507
0.949507
0.949507
0.949507
0.949507
0.949506
0.949506
0.949506
0.949506
0.949506
0.949506
0.949506
0.949506
0.949506
0.949506
0.949506
0.949505
0.949505
0.949505
0.949505
0.949505
0.949505
0.949505
0.949505
0.949505
0.949505
0.949504
0.949504
0.949504
0.949504
0.949504
0.949504
0.949504
0.949504
0.949504
0.949504
0.949504
0.949503
0.949503
0.949503
0.949503
0.949503
0.949503
0.949503
0.949503
0.949503
0.949503
0.949503
0.949502
0.949502
0.949502
0.949502
0.949502
0.949502
0.949502
0.949502
0.949502
0.949502
0.949501
0.949501
0.949501
0.949501
0.949501
0.949501
0.949501
0.949501
0.949501
0.949501
0.949501
0.9495
0.9495
0.9495
0.9495
0.9495
0.9495
0.9495
0.9495
0.9495
0.9495
0.9495
0.949499
0.949499
0.949499
0.949499
0.949499
0.949499
0.949499
0.949499
0.949499
0.949499
0.949499
0.949498
0.949498
0.949498
0.949498
0.949498
0.949498
0.949498
0.949498
0.949498
0.949498
0.949498
0.949497
0.949497
0.949497
0.949497
0.949497
0.949497
0.949497
0.949497
0.949497
0.949497
0.949497
0.949496
0.949496
0.949496
0.949496
0.949496
0.949496
0.949496
0.949496
0.949496
0.949496
0.949496
0.949496
0.949495
0.949495
0.949495
0.949495
0.949495
0.949495
0.949495
0.949495
0.949495
0.949495
0.949495
0.949494
0.949494
0.949494
0.949494
0.949494
0.949494
0.949494
0.949494
0.949494
0.949494
0.949494
0.949493
0.949493
0.949493
0.949493
0.949493
0.949493
0.949493
0.949493
0.949493
0.949493
0.949493
0.949493
0.949492
0.949492
0.949492
0.949492
0.949492
0.949492
0.949492
0.949492
0.949492
0.949492
0.949492
0.949491
0.949491
0.949491
0.949491
0.949491
0.949491
0.949491
0.949491
0.949491
0.949491
0.949491
0.949491
0.94949
0.94949
0.94949
0.94949
0.94949
0.94949
0.94949
0.94949
0.94949
0.94949
0.94949
0.94949
0.949489
0.949489
0.949489
0.949489
0.949489
0.949489
0.949489
0.949489
0.949489
0.949489
0.949489
0.949488
0.949488
0.949488
0.949488
0.949488
0.949488
0.949488
0.949488
0.949488
0.949488
0.949488
0.949488
0.949487
0.949487
0.949487
0.949487
0.949487
0.949487
0.949487
0.949487
0.949487
0.949487
0.949487
0.949487
0.949486
0.949486
0.949486
0.949486
0.949486
0.949486
0.949486
0.949486
0.949486
0.949486
0.949486
0.949486
0.949485
0.949485
0.949485
0.949485
0.949485
0.949485
0.949485
0.949485
0.949485
0.949485
0.949485
0.949485
0.949484
0.949484
0.949484
0.949484
0.949484
0.949484
0.949484
0.949484
0.949484
0.949484
0.949484
0.949484
0.949484
0.949483
0.949483
0.949483
0.949483
0.949483
0.949483
0.949483
0.949483
0.949483
0.949483
0.949483
0.949483
0.949482
0.949482
0.949482
0.949482
0.949482
0.949482
0.949482
0.949482
0.949482
0.949482
0.949482
0.949482
0.949481
0.949481
0.949481
0.949481
0.949481
0.949481
0.949481
0.949481
0.949481
0.949481
0.949481
0.949481
0.949481
0.94948
0.94948
0.94948
0.94948
0.94948
0.94948
0.94948
0.94948
0.94948
0.94948
0.94948
0.94948
0.949479
0.949479
0.949479
0.949479
0.949479
0.949479
0.949479
0.949479
0.949479
0.949479
0.949479
0.949479
0.949479
0.949478
0.949478
0.949478
0.949478
0.949478
0.949478
0.949478
0.949478
0.949478
0.949478
0.949478
0.949478
0.949478
0.949477
0.949477
0.949477
0.949477
0.949477
0.949477
0.949477
0.949477
0.949477
0.949477
0.949477
0.949477
0.949477
0.949476
0.949476
0.949476
0.949476
0.949476
0.949476
0.949476
0.949476
0.949476
0.949476
0.949476
0.949476
0.949476
0.949475
0.949475
0.949475
0.949475
0.949475
0.949475
0.949475
0.949475
0.949475
0.949475
0.949475
0.949475
0.949475
0.949474
0.949474
0.949474
0.949474
0.949474
0.949474
0.949474
0.949474
0.949474
0.949474
0.949474
0.949474
0.949474
0.949473
0.949473
0.949473
0.949473
0.949473
0.949473
0.949473
0.949473
0.949473
0.949473
0.949473
0.949473
0.949473
0.949473
0.949472
0.949472
0.949472
0.949472
0.949472
0.949472
0.949472
0.949472
0.949472
0.949472
0.949472
0.949472
0.949472
0.949471
0.949471
0.949471
0.949471
0.949471
0.949471
0.949471
0.949471
0.949471
0.949471
0.949471
0.949471
0.949471
0.94947
0.94947
0.94947
0.94947
0.94947
0.94947
0.94947
0.94947
0.94947
0.94947
0.94947
0.94947
0.94947
0.94947
0.949469
0.949469
0.949469
0.949469
0.949469
0.949469
0.949469
0.949469
0.949469
0.949469
0.949469
0.949469
0.949469
0.949469
0.949468
0.949468
0.949468
0.949468
0.949468
0.949468
0.949468
0.949468
0.949468
0.949468
0.949468
0.949468
0.949468
0.949468
0.949467
0.949467
0.949467
0.949467
0.949467
0.949467
0.949467
0.949467
0.949467
0.949467
0.949467
0.949467
0.949467
0.949467
0.949466
0.949466
0.949466
0.949466
0.949466
0.949466
0.949466
0.949466
0.949466
0.949466
0.949466
0.949466
0.949466
0.949466
0.949465
0.949465
0.949465
0.949465
0.949465
0.949465
0.949465
0.949465
0.949465
0.949465
0.949465
0.949465
0.949465
0.949465
0.949464
0.949464
0.949464
0.949464
0.949464
0.949464
0.949464
0.949464
0.949464
0.949464
0.949464
0.949464
0.949464
0.949464
0.949464
0.949463
0.949463
0.949463
0.949463
0.949463
0.949463
0.949463
0.949463
0.949463
0.949463
0.949463
0.949463
0.949463
0.949463
0.949462
0.949462
0.949462
0.949462
0.949462
0.949462
0.949462
0.949462
0.949462
0.949462
0.949462
0.949462
0.949462
0.949462
0.949462
0.949461
0.949461
0.949461
0.949461
0.949461
0.949461
0.949461
0.949461
0.949461
0.949461
0.949461
0.949461
0.949461
0.949461
0.94946
0.94946
0.94946
0.94946
0.94946
0.94946
0.94946
0.94946
0.94946
0.94946
0.94946
0.94946
0.94946
0.94946
0.94946
0.949459
0.949459
0.949459
0.949459
0.949459
0.949459
0.949459
0.949459
0.949459
0.949459
0.949459
0.949459
0.949459
0.949459
0.949459
0.949458
0.949458
0.949458
0.949458
0.949458
0.949458
0.949458
0.949458
0.949458
0.949458
0.949458
0.949458
0.949458
0.949458
0.949458
0.949458
0.949457
0.949457
0.949457
0.949457
0.949457
0.949457
0.949457
0.949457
0.949457
0.949457
0.949457
0.949457
0.949457
0.949457
0.949457
0.949456
0.949456
0.949456
0.949456
0.949456
0.949456
0.949456
0.949456
0.949456
0.949456
0.949456
0.949456
0.949456
0.949456
0.949456
0.949455
0.949455
0.949455
0.949455
0.949455
0.949455
0.949455
0.949455
0.949455
0.949455
0.949455
0.949455
0.949455
0.949455
0.949455
0.949455
0.949454
0.949454
0.949454
0.949454
0.949454
0.949454
0.949454
0.949454
0.949454
0.949454
0.949454
0.949454
0.949454
0.949454
0.949454
0.949454
0.949453
0.949453
0.949453
0.949453
0.949453
0.949453
0.949453
0.949453
0.949453
0.949453
0.949453
0.949453
0.949453
0.949453
0.949453
0.949453
0.949452
0.949452
0.949452
0.949452
0.949452
0.949452
0.949452
0.949452
0.949452
0.949452
0.949452
0.949452
0.949452
0.949452
0.949452
0.949452
0.949451
0.949451
0.949451
0.949451
0.949451
0.949451
0.949451
0.949451
0.949451
0.949451
0.949451
0.949451
0.949451
0.949451
0.949451
0.949451
0.94945
0.94945
0.94945
0.94945
0.94945
0.94945
0.94945
0.94945
0.94945
0.94945
0.94945
0.94945
0.94945
0.94945
0.94945
0.94945
0.949449
0.949449
0.949449
0.949449
0.949449
0.949449
0.949449
0.949449
0.949449
0.949449
0.949449
0.949449
0.949449
0.949449
0.949449
0.949449
0.949449
0.949448
0.949448
0.949448
0.949448
0.949448
0.949448
0.949448
0.949448
0.949448
0.949448
0.949448
0.949448
0.949448
0.949448
0.949448
0.949448
0.949448
0.949447
0.949447
0.949447
0.949447
0.949447
0.949447
0.949447
0.949447
0.949447
0.949447
0.949447
0.949447
0.949447
0.949447
0.949447
0.949447
0.949447
0.949446
0.949446
0.949446
0.949446
0.949446
0.949446
0.949446
0.949446
0.949446
0.949446
0.949446
0.949446
0.949446
0.949446
0.949446
0.949446
0.949446
0.949445
0.949445
0.949445
0.949445
0.949445
0.949445
0.949445
0.949445
0.949445
0.949445
0.949445
0.949445
0.949445
0.949445
0.949445
0.949445
0.949445
0.949444
0.949444
0.949444
0.949444
0.949444
0.949444
0.949444
0.949444
0.949444
0.949444
0.949444
0.949444
0.949444
0.949444
0.949444
0.949444
0.949444
0.949443
0.949443
0.949443
0.949443
0.949443
0.949443
0.949443
0.949443
0.949443
0.949443
0.949443
0.949443
0.949443
0.949443
0.949443
0.949443
0.949443
0.949443
0.949442
0.949442
0.949442
0.949442
0.949442
0.949442
0.949442
0.949442
0.949442
0.949442
0.949442
0.949442
0.949442
0.949442
0.949442
0.949442
0.949442
0.949442
0.949441
0.949441
0.949441
0.949441
0.949441
0.949441
0.949441
0.949441
0.949441
0.949441
0.949441
0.949441
0.949441
0.949441
0.949441
0.949441
0.949441
0.949441
0.94944
0.94944
0.94944
0.94944
0.94944
0.94944
0.94944
0.94944
0.94944
0.94944
0.94944
0.94944
0.94944
0.94944
0.94944
0.94944
0.94944
0.94944
0.949439
0.949439
0.949439
0.949439
0.949439
0.949439
0.949439
0.949439
0.949439
0.949439
0.949439
0.949439
0.949439
0.949439
0.949439
0.949439
0.949439
0.949439
0.949438
0.949438
0.949438
0.949438
0.949438
0.949438
0.949438
0.949438
0.949438
0.949438
0.949438
0.949438
0.949438
0.949438
0.949438
0.949438
0.949438
0.949438
0.949438
0.949437
0.949437
0.949437
0.949437
0.949437
0.949437
0.949437
0.949437
0.949437
0.949437
0.949437
0.949437
0.949437
0.949437
0.949437
0.949437
0.949437
0.949437
0.949437
0.949436
0.949436
0.949436
0.949436
0.949436
0.949436
0.949436
0.949436
0.949436
0.949436
0.949436
0.949436
0.949436
0.949436
0.949436
0.949436
0.949436
0.949436
0.949436
0.949435
0.949435
0.949435
0.949435
0.949435
0.949435
0.949435
0.949435
0.949435
0.949435
0.949435
0.949435
0.949435
0.949435
0.949435
0.949435
0.949435
0.949435
0.949435
0.949434
0.949434
0.949434
0.949434
0.949434
0.949434
0.949434
0.949434
0.949434
0.949434
0.949434
0.949434
0.949434
0.949434
0.949434
0.949434
0.949434
0.949434
0.949434
0.949434
0.949433
0.949433
0.949433
0.949433
0.949433
0.949433
0.949433
0.949433
0.949433
0.949433
0.949433
0.949433
0.949433
0.949433
0.949433
0.949433
0.949433
0.949433
0.949433
0.949433
0.949432
0.949432
0.949432
0.949432
0.949432
0.949432
0.949432
0.949432
0.949432
0.949432
0.949432
0.949432
0.949432
0.949432
0.949432
0.949432
0.949432
0.949432
0.949432
0.949432
0.949431
0.949431
0.949431
0.949431
0.949431
0.949431
0.949431
0.949431
0.949431
0.949431
0.949431
0.949431
0.949431
0.949431
0.949431
0.949431
0.949431
0.949431
0.949431
0.949431
0.94943
0.94943
0.94943
0.94943
0.94943
0.94943
0.94943
0.94943
0.94943
0.94943
0.94943
0.94943
0.94943
0.94943
0.94943
0.94943
0.94943
0.94943
0.94943
0.94943
0.949429
0.949429
0.949429
0.949429
0.949429
0.949429
0.949429
0.949429
0.949429
0.949429
0.949429
0.949429
0.949429
0.949429
0.949429
0.949429
0.949429
0.949429
0.949429
0.949429
0.949429
0.949428
0.949428
0.949428
0.949428
0.949428
0.949428
0.949428
0.949428
0.949428
0.949428
0.949428
0.949428
0.949428
0.949428
0.949428
0.949428
0.949428
0.949428
0.949428
0.949428
0.949428
0.949427
0.949427
0.949427
0.949427
0.949427
0.949427
0.949427
0.949427
0.949427
0.949427
0.949427
0.949427
0.949427
0.949427
0.949427
0.949427
0.949427
0.949427
0.949427
0.949427
0.949427
0.949426
0.949426
0.949426
0.949426
0.949426
0.949426
0.949426
0.949426
0.949426
0.949426
0.949426
0.949426
0.949426
0.949426
0.949426
0.949426
0.949426
0.949426
0.949426
0.949426
0.949426
0.949426
0.949425
0.949425
0.949425
0.949425
0.949425
0.949425
0.949425
0.949425
0.949425
0.949425
0.949425
0.949425
0.949425
0.949425
0.949425
0.949425
0.949425
0.949425
0.949425
0.949425
0.949425
0.949425
0.949424
0.949424
0.949424
0.949424
0.949424
0.949424
0.949424
0.949424
0.949424
0.949424
0.949424
0.949424
0.949424
0.949424
0.949424
0.949424
0.949424
0.949424
0.949424
0.949424
0.949424
0.949424
0.949423
0.949423
0.949423
0.949423
0.949423
0.949423
0.949423
0.949423
0.949423
0.949423
0.949423
0.949423
0.949423
0.949423
0.949423
0.949423
0.949423
0.949423
0.949423
0.949423
0.949423
0.949423
0.949423
0.949422
0.949422
0.949422
0.949422
0.949422
0.949422
0.949422
0.949422
0.949422
0.949422
0.949422
0.949422
0.949422
0.949422
0.949422
0.949422
0.949422
0.949422
0.949422
0.949422
0.949422
0.949422
0.949421
0.949421
0.949421
0.949421
0.949421
0.949421
0.949421
0.949421
0.949421
0.949421
0.949421
0.949421
0.949421
0.949421
0.949421
0.949421
0.949421
0.949421
0.949421
0.949421
0.949421
0.949421
0.949421
0.949421
0.94942
0.94942
0.94942
0.94942
0.94942
0.94942
0.94942
0.94942
0.94942
0.94942
0.94942
0.94942
0.94942
0.94942
0.94942
0.94942
0.94942
0.94942
0.94942
0.94942
0.94942
0.94942
0.94942
0.949419
0.949419
0.949419
0.949419
0.949419
0.949419
0.949419
0.949419
0.949419
0.949419
0.949419
0.949419
0.949419
0.949419
0.949419
0.949419
0.949419
0.949419
0.949419
0.949419
0.949419
0.949419
0.949419
0.949419
0.949418
0.949418
0.949418
0.949418
0.949418
0.949418
0.949418
0.949418
0.949418
0.949418
0.949418
0.949418
0.949418
0.949418
0.949418
0.949418
0.949418
0.949418
0.949418
0.949418
0.949418
0.949418
0.949418
0.949418
0.949417
0.949417
0.949417
0.949417
0.949417
0.949417
0.949417
0.949417
0.949417
0.949417
0.949417
0.949417
0.949417
0.949417
0.949417
0.949417
0.949417
0.949417
0.949417
0.949417
0.949417
0.949417
0.949417
0.949417
0.949416
0.949416
0.949416
0.949416
0.949416
0.949416
0.949416
0.949416
0.949416
0.949416
0.949416
0.949416
0.949416
0.949416
0.949416
0.949416
0.949416
0.949416
0.949416
0.949416
0.949416
0.949416
0.949416
0.949416
0.949416
0.949415
0.949415
0.949415
0.949415
0.949415
0.949415
0.949415
0.949415
0.949415
0.949415
0.949415
0.949415
0.949415
0.949415
0.949415
