0.0783246
0.0740286
0.0484114
0.0324619
0.0270723
0.021768
0.0183498
0.0150582
0.0143015
0.0142988
0.0125822
0.0114096
0.0102873
0.0102382
0.00899022
0.00821972
0.00670116
0.00626682
0.0059714
0.0056133
0.0055653
0.00506477
0.00464918
0.00446987
0.00428696
0.00416924
0.00400029
0.00365169
0.00360242
0.00340537
0.00314343
0.00296183
0.00293727
0.00273581
0.00208094
0.0018724
0.00171826
0.0015806
0.0015775
0.00143883
0.00134448
0.00132168
0.00125513
0.00115822
0.00101619
0.00100431
0.000949099
0.000913029
0.000861371
0.000828282
0.000823985
0.000810773
0.000809563
0.000792831
0.000774133
0.000727578
0.00069716
0.000662821
0.000658822
0.000657199
0.000643906
0.000620953
0.000547977
0.000547577
0.000545061
0.000534726
0.000519976
0.000507165
0.00046976
0.000465846
0.000427874
0.000418751
0.000415454
0.000406377
0.000389678
0.00037508
0.000373631
0.000368896
0.000368336
0.000362201
0.000360258
0.000354044
0.000332582
0.000330482
0.000324611
0.000232563
0.000183111
0.000179224
0.000139552
0.000135293
0.00012813
0.00011829
0.000104154
0.000102763
0.000101191
9.93002e-05
