0.159135
0.13445
0.106227
0.0891524
0.0790224
0.0747546
0.0655202
0.0628463
0.0587975
0.0568702
0.0535956
0.0521298
0.0493879
0.048243
0.0458921
0.0449816
0.0429301
0.0421966
0.0403811
0.0397848
0.03816
0.0376722
0.0362042
0.0358035
0.0344665
0.0341368
0.0329108
0.0326396
0.0315085
0.0312861
0.0302371
0.0300557
0.0290783
0.0289315
0.028017
0.0278998
0.027041
0.0269491
0.0261399
0.0260699
0.0253051
0.0252541
0.0245292
0.0244947
0.023806
0.0237859
0.0231299
0.0231225
0.0224965
0.0219015
0.0213415
0.0208134
0.0203143
0.0198419
0.0193939
0.0189685
0.018564
0.0181787
0.0178113
0.0174604
0.0171251
0.0168041
0.0164967
0.0162018
0.0159188
0.0156468
0.0153853
0.0151335
0.0148911
0.0146573
0.0144318
0.0142141
0.0140038
0.0138004
0.0136037
0.0134133
0.0132289
0.0130503
0.012877
0.0127089
0.0125458
0.0123873
0.0122334
0.0120838
0.0119383
0.0117967
0.0116589
0.0115247
0.0113941
0.0112667
0.0111425
0.0110215
0.0109033
0.0107881
0.0106755
0.0105656
0.0104583
0.0103533
0.0102508
0.0101505
0.0100524
0.00995649
0.0098626
0.00977068
0.00968069
0.00959254
0.00950619
0.00942158
0.00933865
0.00925735
0.00917763
0.00909943
0.00902272
0.00894746
0.00887358
0.00880107
0.00872986
0.00865994
0.00859126
0.00852378
0.00845748
0.00839232
0.00832827
0.0082653
0.00820337
0.00814247
0.00808257
0.00802363
0.00796564
0.00790857
0.00785239
0.00779709
0.00774264
0.00768902
0.00763621
0.00758419
0.00753294
0.00748244
0.00743268
0.00738364
0.0073353
0.00728765
0.00724066
0.00719433
0.00714863
0.00710356
0.0070591
0.00701524
0.00697196
0.00692926
0.00688711
0.00684551
0.00680445
0.00676391
0.00672388
0.00668436
0.00664532
0.00660677
0.0065687
0.00653108
0.00649392
0.0064572
0.00642092
0.00638507
0.00634963
0.00631461
0.00627999
0.00624576
0.00621192
0.00617847
0.00614538
0.00611266
0.0060803
0.0060483
0.00601664
0.00598532
0.00595433
0.00592368
0.00589334
0.00586332
0.00583362
0.00580422
0.00577512
0.00574631
0.0057178
0.00568957
0.00566162
0.00563394
0.00560654
0.00557941
0.00555253
0.00552592
0.00549956
0.00547345
0.00544758
0.00542196
0.00539658
0.00537143
0.00534651
0.00532181
0.00529734
0.00527309
0.00524906
0.00522524
0.00520163
0.00517823
0.00515503
0.00513204
0.00510924
0.00508663
0.00506422
0.005042
0.00501996
0.00499811
0.00497644
0.00495495
0.00493363
0.00491249
0.00489152
0.00487072
0.00485008
0.00482961
0.00480931
0.00478916
0.00476917
0.00474933
0.00472965
0.00471012
0.00469074
0.00467151
0.00465242
0.00463347
0.00461467
0.00459601
0.00457749
0.0045591
0.00454085
0.00452273
0.00450474
0.00448688
0.00446915
0.00445154
0.00443406
0.00441671
0.00439947
0.00438236
0.00436537
0.00434849
0.00433173
0.00431508
0.00429855
0.00428213
0.00426582
0.00424962
0.00423353
0.00421754
0.00420166
0.00418589
0.00417021
0.00415464
0.00413918
0.00412381
0.00410854
0.00409336
0.00407829
0.00406331
0.00404842
0.00403363
0.00401893
0.00400432
0.0039898
0.00397537
0.00396103
0.00394678
0.00393262
0.00391854
0.00390454
0.00389063
0.0038768
0.00386306
0.00384939
0.00383581
0.0038223
0.00380888
0.00379553
0.00378226
0.00376907
0.00375595
0.00374291
0.00372994
0.00371705
0.00370423
0.00369148
0.0036788
0.00366619
0.00365366
0.00364119
0.00362879
0.00361646
0.0036042
0.003592
0.00357987
0.00356781
0.00355581
0.00354388
0.00353201
0.0035202
0.00350846
0.00349677
0.00348515
0.00347359
0.00346209
0.00345065
0.00343927
0.00342795
0.00341669
0.00340548
0.00339433
0.00338324
0.00337221
0.00336123
0.00335031
0.00333944
0.00332862
0.00331786
0.00330716
0.0032965
0.0032859
0.00327535
0.00326485
0.00325441
0.00324401
0.00323367
0.00322337
0.00321313
0.00320293
0.00319279
0.00318269
0.00317264
0.00316263
0.00315268
0.00314277
0.00313291
0.00312309
0.00311332
0.00310359
0.00309391
0.00308428
0.00307469
0.00306514
0.00305564
0.00304618
0.00303676
0.00302739
0.00301806
0.00300877
0.00299952
0.00299031
0.00298115
0.00297202
0.00296294
0.00295389
0.00294489
0.00293593
0.002927
0.00291811
0.00290927
0.00290046
0.00289169
0.00288296
0.00287426
0.0028656
0.00285698
0.0028484
0.00283985
0.00283134
0.00282287
0.00281443
0.00280603
0.00279766
0.00278932
0.00278103
0.00277276
0.00276453
0.00275634
0.00274818
0.00274005
0.00273196
0.0027239
0.00271587
0.00270787
0.00269991
0.00269198
0.00268408
0.00267622
0.00266838
0.00266058
0.00265281
0.00264507
0.00263736
0.00262968
0.00262203
0.00261442
0.00260683
0.00259927
0.00259174
0.00258424
0.00257677
0.00256933
0.00256192
0.00255454
0.00254718
0.00253986
0.00253256
0.00252529
0.00251805
0.00251084
0.00250365
0.00249649
0.00248936
0.00248226
0.00247518
0.00246813
0.0024611
0.00245411
0.00244713
0.00244019
0.00243327
0.00242637
0.00241951
0.00241266
0.00240585
0.00239905
0.00239229
0.00238554
0.00237883
0.00237213
0.00236546
0.00235882
0.0023522
0.0023456
0.00233903
0.00233248
0.00232596
0.00231946
0.00231298
0.00230652
0.00230009
0.00229368
0.0022873
0.00228094
0.00227459
0.00226828
0.00226198
0.00225571
0.00224946
0.00224323
0.00223702
0.00223083
0.00222467
0.00221853
0.0022124
0.0022063
0.00220022
0.00219417
0.00218813
0.00218211
0.00217612
0.00217014
0.00216419
0.00215825
0.00215234
0.00214645
0.00214057
0.00213472
0.00212889
0.00212307
0.00211728
0.0021115
0.00210575
0.00210001
0.00209429
0.0020886
0.00208292
0.00207726
0.00207162
0.00206599
0.00206039
0.00205481
0.00204924
0.00204369
0.00203816
0.00203265
0.00202716
0.00202168
0.00201622
0.00201079
0.00200536
0.00199996
0.00199457
0.0019892
0.00198385
0.00197852
0.0019732
0.0019679
0.00196262
0.00195735
0.0019521
0.00194687
0.00194166
0.00193646
0.00193128
0.00192611
0.00192096
0.00191583
0.00191071
0.00190561
0.00190053
0.00189546
0.00189041
0.00188537
0.00188035
0.00187535
0.00187036
0.00186539
0.00186043
0.00185549
0.00185056
0.00184565
0.00184076
0.00183588
0.00183101
0.00182616
0.00182133
0.00181651
0.0018117
0.00180691
0.00180213
0.00179737
0.00179263
0.00178789
0.00178318
0.00177847
0.00177379
0.00176911
0.00176445
0.00175981
0.00175517
0.00175056
0.00174595
0.00174136
0.00173679
0.00173222
0.00172768
0.00172314
0.00171862
0.00171411
0.00170962
0.00170514
0.00170067
0.00169622
0.00169178
0.00168735
0.00168294
0.00167854
0.00167415
0.00166977
0.00166541
0.00166106
0.00165673
0.00165241
0.0016481
0.0016438
0.00163951
0.00163524
0.00163098
0.00162673
0.0016225
0.00161828
0.00161407
0.00160987
0.00160569
0.00160151
0.00159735
0.0015932
0.00158907
0.00158494
0.00158083
0.00157673
0.00157264
0.00156856
0.0015645
0.00156044
0.0015564
0.00155237
0.00154835
0.00154435
0.00154035
0.00153637
0.0015324
0.00152844
0.00152449
0.00152055
0.00151662
0.0015127
0.0015088
0.00150491
0.00150102
0.00149715
0.00149329
0.00148944
0.0014856
0.00148178
0.00147796
0.00147415
0.00147036
0.00146657
0.0014628
0.00145904
0.00145529
0.00145154
0.00144781
0.00144409
0.00144038
0.00143668
0.00143299
0.00142931
0.00142564
0.00142199
0.00141834
0.0014147
0.00141107
0.00140745
0.00140384
0.00140025
0.00139666
0.00139308
0.00138951
0.00138596
0.00138241
0.00137887
0.00137534
0.00137182
0.00136831
0.00136481
0.00136133
0.00135785
0.00135438
0.00135091
0.00134746
0.00134402
0.00134059
0.00133717
0.00133375
0.00133035
0.00132695
0.00132357
0.00132019
0.00131683
0.00131347
0.00131012
0.00130678
0.00130345
0.00130013
0.00129682
0.00129352
0.00129022
0.00128694
0.00128366
0.00128039
0.00127714
0.00127389
0.00127065
0.00126741
0.00126419
0.00126098
0.00125777
0.00125457
0.00125139
0.00124821
0.00124504
0.00124187
0.00123872
0.00123557
0.00123244
0.00122931
0.00122619
0.00122308
0.00121997
0.00121688
0.00121379
0.00121071
0.00120764
0.00120458
0.00120153
0.00119848
0.00119545
0.00119242
0.00118939
0.00118638
0.00118338
0.00118038
0.00117739
0.00117441
0.00117144
0.00116847
0.00116552
0.00116257
0.00115962
0.00115669
0.00115377
0.00115085
0.00114794
0.00114503
0.00114214
0.00113925
0.00113637
0.0011335
0.00113064
0.00112778
0.00112493
0.00112209
0.00111926
0.00111643
0.00111361
0.0011108
0.00110799
0.0011052
0.00110241
0.00109963
0.00109685
0.00109408
0.00109132
0.00108857
0.00108583
0.00108309
0.00108036
0.00107763
0.00107491
0.0010722
0.0010695
0.00106681
0.00106412
0.00106144
0.00105876
0.0010561
0.00105343
0.00105078
0.00104813
0.0010455
0.00104286
0.00104024
0.00103762
0.00103501
0.0010324
0.0010298
0.00102721
0.00102463
0.00102205
0.00101948
0.00101691
0.00101435
0.0010118
0.00100926
0.00100672
0.00100419
0.00100166
0.000999145
0.000996633
0.000994128
0.000991629
0.000989137
0.000986651
0.000984172
0.000981699
0.000979232
0.000976772
0.000974318
0.000971871
0.00096943
0.000966995
0.000964567
0.000962145
0.000959729
0.000957319
0.000954916
0.000952519
0.000950128
0.000947743
0.000945364
0.000942992
0.000940625
0.000938265
0.000935911
0.000933563
0.000931221
0.000928885
0.000926555
0.000924231
0.000921913
0.000919601
0.000917295
0.000914995
0.000912701
0.000910412
0.00090813
0.000905853
0.000903583
0.000901318
0.000899059
0.000896806
0.000894558
0.000892316
0.000890081
0.00088785
0.000885626
0.000883407
0.000881194
0.000878987
0.000876785
0.000874589
0.000872399
0.000870214
0.000868034
0.000865861
0.000863693
0.00086153
0.000859373
0.000857222
0.000855076
0.000852935
0.0008508
0.000848671
0.000846546
0.000844428
0.000842314
0.000840207
0.000838104
0.000836007
0.000833915
0.000831829
0.000829748
0.000827672
0.000825601
0.000823536
0.000821476
0.000819421
0.000817372
0.000815328
0.000813289
0.000811255
0.000809226
0.000807203
0.000805184
0.000803171
0.000801163
0.00079916
0.000797162
0.000795169
0.000793182
0.000791199
0.000789221
0.000787249
0.000785281
0.000783319
0.000781361
0.000779408
0.000777461
0.000775518
0.00077358
0.000771647
0.000769719
0.000767796
0.000765878
0.000763965
0.000762056
0.000760153
0.000758254
0.00075636
0.000754471
0.000752586
0.000750707
0.000748832
0.000746962
0.000745096
0.000743236
0.00074138
0.000739529
0.000737682
0.00073584
0.000734003
0.000732171
0.000730343
0.000728519
0.000726701
0.000724887
0.000723077
0.000721272
0.000719472
0.000717676
0.000715885
0.000714098
0.000712316
0.000710538
0.000708765
0.000706996
0.000705232
0.000703472
0.000701717
0.000699966
0.00069822
0.000696477
0.00069474
0.000693006
0.000691278
0.000689553
0.000687833
0.000686117
0.000684405
0.000682698
0.000680995
0.000679297
0.000677602
0.000675912
0.000674226
0.000672545
0.000670868
0.000669194
0.000667526
0.000665861
0.0006642
0.000662544
0.000660892
0.000659244
0.0006576
0.000655961
0.000654325
0.000652694
0.000651066
0.000649443
0.000647824
0.000646209
0.000644598
0.000642991
0.000641388
0.000639789
0.000638194
0.000636604
0.000635017
0.000633434
0.000631855
0.00063028
0.000628709
0.000627142
0.000625579
0.00062402
0.000622465
0.000620914
0.000619366
0.000617823
0.000616283
0.000614748
0.000613216
0.000611688
0.000610164
0.000608643
0.000607127
0.000605614
0.000604105
0.0006026
0.000601098
0.000599601
0.000598107
0.000596617
0.000595131
0.000593648
0.000592169
0.000590694
0.000589222
0.000587755
0.00058629
0.00058483
0.000583373
0.00058192
0.000580471
0.000579025
0.000577583
0.000576144
0.000574709
0.000573278
0.00057185
0.000570426
0.000569005
0.000567588
0.000566174
0.000564764
0.000563358
0.000561955
0.000560555
0.000559159
0.000557767
0.000556378
0.000554993
0.000553611
0.000552232
0.000550857
0.000549485
0.000548117
0.000546753
0.000545391
0.000544033
0.000542679
0.000541328
0.00053998
0.000538635
0.000537294
0.000535957
0.000534622
0.000533291
0.000531964
0.00053064
0.000529318
0.000528001
0.000526686
0.000525375
0.000524067
0.000522763
0.000521462
0.000520164
0.000518869
0.000517577
0.000516289
0.000515004
0.000513722
0.000512443
0.000511168
0.000509895
0.000508626
0.00050736
0.000506098
0.000504838
0.000503582
0.000502328
0.000501078
0.000499831
0.000498587
0.000497346
0.000496108
0.000494874
0.000493642
0.000492414
0.000491188
0.000489966
0.000488747
0.00048753
0.000486317
0.000485107
0.0004839
0.000482696
0.000481495
0.000480297
0.000479101
0.000477909
0.00047672
0.000475534
0.000474351
0.00047317
0.000471993
0.000470819
0.000469647
0.000468479
0.000467313
0.00046615
0.00046499
0.000463834
0.00046268
0.000461528
0.00046038
0.000459235
0.000458092
0.000456953
0.000455816
0.000454682
0.000453551
0.000452422
0.000451297
0.000450174
0.000449054
0.000447937
0.000446823
0.000445711
0.000444602
0.000443496
0.000442393
0.000441292
0.000440195
0.0004391
0.000438007
0.000436918
0.000435831
0.000434747
0.000433665
0.000432587
0.000431511
0.000430437
0.000429367
0.000428299
0.000427233
0.000426171
0.000425111
0.000424053
0.000422998
0.000421946
0.000420897
0.00041985
0.000418806
0.000417764
0.000416725
0.000415688
0.000414655
0.000413623
0.000412594
0.000411568
0.000410545
0.000409524
0.000408505
0.000407489
0.000406476
0.000405465
0.000404456
0.00040345
0.000402447
0.000401446
0.000400448
0.000399452
0.000398458
0.000397468
0.000396479
0.000395493
0.00039451
0.000393528
0.00039255
0.000391574
0.0003906
0.000389628
0.00038866
0.000387693
0.000386729
0.000385767
0.000384808
0.000383851
0.000382896
0.000381944
0.000380994
0.000380047
0.000379102
0.000378159
0.000377219
0.000376281
0.000375345
0.000374412
0.000373481
0.000372552
0.000371626
0.000370702
0.00036978
0.00036886
0.000367943
0.000367028
0.000366116
0.000365205
0.000364297
0.000363392
0.000362488
0.000361587
0.000360688
0.000359791
0.000358896
0.000358004
0.000357114
0.000356226
0.00035534
0.000354456
0.000353575
0.000352696
0.000351819
0.000350944
0.000350072
0.000349201
0.000348333
0.000347467
0.000346603
0.000345741
0.000344882
0.000344024
0.000343169
0.000342316
0.000341465
0.000340616
0.000339769
0.000338924
0.000338082
0.000337241
0.000336403
0.000335566
0.000334732
0.0003339
0.00033307
0.000332242
0.000331416
0.000330592
0.00032977
0.00032895
0.000328132
0.000327316
0.000326503
0.000325691
0.000324881
0.000324073
0.000323268
0.000322464
0.000321662
0.000320863
0.000320065
0.000319269
0.000318476
0.000317684
0.000316894
0.000316106
0.000315321
0.000314537
0.000313755
0.000312975
0.000312197
0.000311421
0.000310646
0.000309874
0.000309104
0.000308335
0.000307569
0.000306804
0.000306042
0.000305281
0.000304522
0.000303765
0.00030301
0.000302257
0.000301505
0.000300756
0.000300008
0.000299262
0.000298518
0.000297776
0.000297036
0.000296298
0.000295561
0.000294826
0.000294093
0.000293362
0.000292633
0.000291906
0.00029118
0.000290456
0.000289734
0.000289014
0.000288296
0.000287579
0.000286864
0.000286151
0.00028544
0.00028473
0.000284022
0.000283316
0.000282612
0.00028191
0.000281209
0.00028051
0.000279813
0.000279117
0.000278423
0.000277731
0.000277041
0.000276352
0.000275665
0.00027498
0.000274297
0.000273615
0.000272935
0.000272256
0.00027158
0.000270904
0.000270231
0.000269559
0.000268889
0.000268221
0.000267554
0.000266889
0.000266226
0.000265564
0.000264904
0.000264246
0.000263589
0.000262934
0.00026228
0.000261628
0.000260978
0.000260329
0.000259682
0.000259037
0.000258393
0.000257751
0.00025711
0.000256471
0.000255833
0.000255197
0.000254563
0.00025393
0.000253299
0.00025267
0.000252042
0.000251415
0.00025079
0.000250167
0.000249545
0.000248925
0.000248306
0.000247689
0.000247073
0.000246459
0.000245847
0.000245236
0.000244626
0.000244018
0.000243412
0.000242807
0.000242203
0.000241601
0.000241001
0.000240402
0.000239804
0.000239208
0.000238614
0.00023802
0.000237429
0.000236839
0.00023625
0.000235663
0.000235077
0.000234493
0.00023391
0.000233329
0.000232749
0.00023217
0.000231593
0.000231018
0.000230443
0.000229871
0.000229299
0.000228729
0.000228161
0.000227594
0.000227028
0.000226464
0.000225901
0.00022534
0.00022478
0.000224221
0.000223664
0.000223108
0.000222553
0.000222
0.000221448
0.000220898
0.000220349
0.000219801
0.000219255
0.00021871
0.000218167
0.000217624
0.000217083
0.000216544
0.000216006
0.000215469
0.000214933
0.000214399
0.000213866
0.000213335
0.000212805
0.000212276
0.000211748
0.000211222
0.000210697
0.000210173
0.000209651
0.00020913
0.00020861
0.000208092
0.000207574
0.000207058
0.000206544
0.000206031
0.000205518
0.000205008
0.000204498
0.00020399
0.000203483
0.000202977
0.000202473
0.00020197
0.000201468
0.000200967
0.000200467
0.000199969
0.000199472
0.000198976
0.000198482
0.000197989
0.000197497
0.000197006
0.000196516
0.000196028
0.000195541
0.000195055
0.00019457
0.000194086
0.000193604
0.000193123
0.000192643
0.000192164
0.000191686
0.00019121
0.000190735
0.000190261
0.000189788
0.000189316
0.000188846
0.000188376
0.000187908
0.000187441
0.000186975
0.000186511
0.000186047
0.000185585
0.000185124
0.000184664
0.000184205
0.000183747
0.00018329
0.000182835
0.00018238
0.000181927
0.000181475
0.000181024
0.000180574
0.000180125
0.000179678
0.000179231
0.000178786
0.000178341
0.000177898
0.000177456
0.000177015
0.000176575
0.000176136
0.000175698
0.000175262
0.000174826
0.000174392
0.000173958
0.000173526
0.000173095
0.000172665
0.000172235
0.000171807
0.00017138
0.000170954
0.00017053
0.000170106
0.000169683
0.000169261
0.000168841
0.000168421
0.000168003
0.000167585
0.000167169
0.000166753
0.000166339
0.000165925
0.000165513
0.000165102
0.000164691
0.000164282
0.000163874
0.000163466
0.00016306
0.000162655
0.000162251
0.000161848
0.000161445
0.000161044
0.000160644
0.000160245
0.000159846
0.000159449
0.000159053
0.000158658
0.000158263
0.00015787
0.000157478
0.000157086
0.000156696
0.000156307
0.000155918
0.000155531
0.000155144
0.000154758
0.000154374
0.00015399
0.000153608
0.000153226
0.000152845
0.000152465
0.000152086
0.000151708
0.000151331
0.000150955
0.00015058
0.000150206
0.000149833
0.00014946
0.000149089
0.000148718
0.000148349
0.00014798
0.000147612
0.000147245
0.000146879
0.000146514
0.00014615
0.000145787
0.000145425
0.000145063
0.000144703
0.000144343
0.000143985
0.000143627
0.00014327
0.000142914
0.000142559
0.000142204
0.000141851
0.000141498
0.000141147
0.000140796
0.000140446
0.000140097
0.000139749
0.000139402
0.000139055
0.00013871
0.000138365
0.000138021
0.000137678
0.000137336
0.000136995
0.000136654
0.000136315
0.000135976
0.000135638
0.000135301
0.000134965
0.000134629
0.000134295
0.000133961
0.000133628
0.000133296
0.000132965
0.000132634
0.000132304
0.000131976
0.000131648
0.000131321
0.000130994
0.000130669
0.000130344
0.00013002
0.000129697
0.000129375
0.000129053
0.000128732
0.000128412
0.000128093
0.000127775
0.000127457
0.000127141
0.000126825
0.00012651
0.000126195
0.000125882
0.000125569
0.000125257
0.000124945
0.000124635
0.000124325
0.000124016
0.000123708
0.000123401
0.000123094
0.000122788
0.000122483
0.000122178
0.000121875
0.000121572
0.00012127
0.000120968
0.000120668
0.000120368
0.000120069
0.00011977
0.000119473
0.000119176
0.00011888
0.000118584
0.00011829
0.000117996
0.000117702
0.00011741
0.000117118
0.000116827
0.000116537
0.000116247
0.000115958
0.00011567
0.000115383
0.000115096
0.00011481
0.000114525
0.00011424
0.000113956
0.000113673
0.00011339
0.000113109
0.000112828
0.000112547
0.000112267
0.000111988
0.00011171
0.000111433
0.000111156
0.000110879
0.000110604
0.000110329
0.000110055
0.000109781
0.000109508
0.000109236
0.000108965
0.000108694
0.000108424
0.000108155
0.000107886
0.000107618
0.00010735
0.000107083
0.000106817
0.000106552
0.000106287
0.000106023
0.000105759
0.000105497
0.000105234
0.000104973
0.000104712
0.000104452
0.000104192
0.000103933
0.000103675
0.000103417
0.00010316
0.000102904
0.000102648
0.000102393
0.000102139
0.000101885
0.000101632
0.000101379
0.000101127
0.000100876
0.000100625
0.000100375
0.000100126
9.98769e-05
9.96287e-05
9.93811e-05
9.91341e-05
9.88878e-05
9.8642e-05
9.83969e-05
9.81524e-05
9.79085e-05
9.76652e-05
9.74224e-05
9.71803e-05
9.69388e-05
9.66979e-05
9.64576e-05
9.62179e-05
9.59788e-05
9.57403e-05
9.55024e-05
9.5265e-05
9.50283e-05
9.47921e-05
9.45566e-05
9.43216e-05
9.40872e-05
9.38534e-05
9.36201e-05
9.33875e-05
9.31554e-05
9.29239e-05
9.2693e-05
9.24626e-05
9.22329e-05
9.20037e-05
9.1775e-05
9.15469e-05
9.13194e-05
9.10925e-05
9.08661e-05
9.06403e-05
9.04151e-05
9.01904e-05
8.99663e-05
8.97427e-05
8.95197e-05
8.92972e-05
8.90753e-05
8.88539e-05
8.86331e-05
8.84129e-05
8.81931e-05
8.7974e-05
8.77554e-05
8.75373e-05
8.73197e-05
8.71027e-05
8.68863e-05
8.66704e-05
8.6455e-05
8.62401e-05
8.60258e-05
8.5812e-05
8.55988e-05
8.53861e-05
8.51739e-05
8.49622e-05
8.47511e-05
8.45405e-05
8.43304e-05
8.41208e-05
8.39117e-05
8.37032e-05
8.34952e-05
8.32877e-05
8.30807e-05
8.28743e-05
8.26683e-05
8.24629e-05
8.2258e-05
8.20535e-05
8.18496e-05
8.16462e-05
8.14433e-05
8.12409e-05
8.1039e-05
8.08377e-05
8.06368e-05
8.04364e-05
8.02365e-05
8.00371e-05
7.98382e-05
7.96398e-05
7.94419e-05
7.92445e-05
7.90475e-05
7.88511e-05
7.86551e-05
7.84597e-05
7.82647e-05
7.80702e-05
7.78762e-05
7.76827e-05
7.74896e-05
7.7297e-05
7.7105e-05
7.69133e-05
7.67222e-05
7.65315e-05
7.63414e-05
7.61516e-05
7.59624e-05
7.57736e-05
7.55853e-05
7.53975e-05
7.52101e-05
7.50232e-05
7.48368e-05
7.46508e-05
7.44653e-05
7.42802e-05
7.40956e-05
7.39115e-05
7.37278e-05
7.35446e-05
7.33619e-05
7.31795e-05
7.29977e-05
7.28163e-05
7.26353e-05
7.24548e-05
7.22748e-05
7.20952e-05
7.1916e-05
7.17373e-05
7.1559e-05
7.13812e-05
7.12038e-05
7.10268e-05
7.08503e-05
7.06743e-05
7.04986e-05
7.03234e-05
7.01487e-05
6.99744e-05
6.98005e-05
6.9627e-05
6.9454e-05
6.92814e-05
6.91092e-05
6.89375e-05
6.87661e-05
6.85953e-05
6.84248e-05
6.82548e-05
6.80851e-05
6.79159e-05
6.77472e-05
6.75788e-05
6.74109e-05
6.72433e-05
6.70762e-05
6.69095e-05
6.67433e-05
6.65774e-05
6.6412e-05
6.62469e-05
6.60823e-05
6.59181e-05
6.57543e-05
6.55909e-05
6.54279e-05
6.52653e-05
6.51031e-05
6.49413e-05
6.47799e-05
6.46189e-05
6.44583e-05
6.42982e-05
6.41384e-05
6.3979e-05
6.382e-05
6.36614e-05
6.35032e-05
6.33454e-05
6.3188e-05
6.30309e-05
6.28743e-05
6.2718e-05
6.25622e-05
6.24067e-05
6.22516e-05
6.20969e-05
6.19426e-05
6.17887e-05
6.16351e-05
6.1482e-05
6.13292e-05
6.11768e-05
6.10247e-05
6.08731e-05
6.07218e-05
6.05709e-05
6.04204e-05
6.02702e-05
6.01205e-05
5.99711e-05
5.9822e-05
5.96734e-05
5.95251e-05
5.93772e-05
5.92296e-05
5.90824e-05
5.89356e-05
5.87891e-05
5.8643e-05
5.84973e-05
5.83519e-05
5.82069e-05
5.80623e-05
5.7918e-05
5.7774e-05
5.76305e-05
5.74873e-05
5.73444e-05
5.72019e-05
5.70597e-05
5.69179e-05
5.67765e-05
5.66354e-05
5.64947e-05
5.63543e-05
5.62142e-05
5.60745e-05
5.59352e-05
5.57962e-05
5.56575e-05
5.55192e-05
5.53812e-05
5.52436e-05
5.51063e-05
5.49694e-05
5.48328e-05
5.46965e-05
5.45606e-05
5.4425e-05
5.42898e-05
5.41548e-05
5.40203e-05
5.3886e-05
5.37521e-05
5.36185e-05
5.34853e-05
5.33524e-05
5.32198e-05
5.30875e-05
5.29556e-05
5.2824e-05
5.26927e-05
5.25618e-05
5.24312e-05
5.23009e-05
5.21709e-05
5.20413e-05
5.19119e-05
5.17829e-05
5.16542e-05
5.15259e-05
5.13978e-05
5.12701e-05
5.11427e-05
5.10156e-05
5.08888e-05
5.07624e-05
5.06362e-05
5.05104e-05
5.03849e-05
5.02596e-05
5.01347e-05
5.00102e-05
4.98859e-05
4.97619e-05
4.96382e-05
4.95149e-05
4.93918e-05
4.92691e-05
4.91467e-05
4.90245e-05
4.89027e-05
4.87812e-05
4.86599e-05
4.8539e-05
4.84184e-05
4.82981e-05
4.81781e-05
4.80583e-05
4.79389e-05
4.78198e-05
4.77009e-05
4.75824e-05
4.74641e-05
4.73462e-05
4.72285e-05
4.71112e-05
4.69941e-05
4.68773e-05
4.67608e-05
4.66446e-05
4.65287e-05
4.64131e-05
4.62977e-05
4.61827e-05
4.60679e-05
4.59534e-05
4.58392e-05
4.57253e-05
4.56117e-05
4.54983e-05
4.53853e-05
4.52725e-05
4.516e-05
4.50478e-05
4.49358e-05
4.48241e-05
4.47127e-05
4.46016e-05
4.44908e-05
4.43802e-05
4.42699e-05
4.41599e-05
4.40502e-05
4.39407e-05
4.38315e-05
4.37226e-05
4.36139e-05
4.35056e-05
4.33974e-05
4.32896e-05
4.3182e-05
4.30747e-05
4.29677e-05
4.28609e-05
4.27544e-05
4.26481e-05
4.25421e-05
4.24364e-05
4.2331e-05
4.22258e-05
4.21208e-05
4.20162e-05
4.19118e-05
4.18076e-05
4.17037e-05
4.16001e-05
4.14967e-05
4.13936e-05
4.12907e-05
4.11881e-05
4.10857e-05
4.09836e-05
4.08818e-05
4.07802e-05
4.06789e-05
4.05778e-05
4.04769e-05
4.03763e-05
4.0276e-05
4.01759e-05
4.00761e-05
3.99765e-05
3.98771e-05
3.9778e-05
3.96792e-05
3.95806e-05
3.94822e-05
3.93841e-05
3.92862e-05
3.91886e-05
3.90912e-05
3.89941e-05
3.88972e-05
3.88005e-05
3.87041e-05
3.86079e-05
3.8512e-05
3.84163e-05
3.83208e-05
3.82256e-05
3.81306e-05
3.80358e-05
3.79413e-05
3.7847e-05
3.77529e-05
3.76591e-05
3.75655e-05
3.74722e-05
3.73791e-05
3.72862e-05
3.71935e-05
3.71011e-05
3.70089e-05
3.69169e-05
3.68252e-05
3.67337e-05
3.66424e-05
3.65513e-05
3.64605e-05
3.63699e-05
3.62795e-05
3.61893e-05
3.60994e-05
3.60097e-05
3.59202e-05
3.58309e-05
3.57419e-05
3.56531e-05
3.55645e-05
3.54761e-05
3.53879e-05
3.53e-05
3.52123e-05
3.51248e-05
3.50375e-05
3.49504e-05
3.48636e-05
3.47769e-05
3.46905e-05
3.46043e-05
3.45183e-05
3.44325e-05
3.4347e-05
3.42616e-05
3.41765e-05
3.40915e-05
3.40068e-05
3.39223e-05
3.3838e-05
3.37539e-05
3.367e-05
3.35864e-05
3.35029e-05
3.34196e-05
3.33366e-05
3.32537e-05
3.31711e-05
3.30887e-05
3.30064e-05
3.29244e-05
3.28426e-05
3.2761e-05
3.26796e-05
3.25984e-05
3.25173e-05
3.24365e-05
3.23559e-05
3.22755e-05
3.21953e-05
3.21153e-05
3.20355e-05
3.19559e-05
3.18765e-05
3.17973e-05
3.17182e-05
3.16394e-05
3.15608e-05
3.14824e-05
3.14041e-05
3.13261e-05
3.12482e-05
3.11706e-05
3.10931e-05
3.10159e-05
3.09388e-05
3.08619e-05
3.07852e-05
3.07087e-05
3.06324e-05
3.05563e-05
3.04803e-05
3.04046e-05
3.0329e-05
3.02537e-05
3.01785e-05
3.01035e-05
3.00287e-05
2.9954e-05
2.98796e-05
2.98054e-05
2.97313e-05
2.96574e-05
2.95837e-05
2.95102e-05
2.94368e-05
2.93637e-05
2.92907e-05
2.92179e-05
2.91453e-05
2.90729e-05
2.90006e-05
2.89286e-05
2.88567e-05
2.8785e-05
2.87134e-05
2.86421e-05
2.85709e-05
2.84999e-05
2.84291e-05
2.83584e-05
2.8288e-05
2.82177e-05
2.81475e-05
2.80776e-05
2.80078e-05
2.79382e-05
2.78688e-05
2.77995e-05
2.77305e-05
2.76615e-05
2.75928e-05
2.75242e-05
2.74558e-05
2.73876e-05
2.73195e-05
2.72517e-05
2.71839e-05
2.71164e-05
2.7049e-05
2.69818e-05
2.69147e-05
2.68478e-05
2.67811e-05
2.67146e-05
2.66482e-05
2.6582e-05
2.65159e-05
2.645e-05
2.63843e-05
2.63187e-05
2.62533e-05
2.61881e-05
2.6123e-05
2.60581e-05
2.59933e-05
2.59287e-05
2.58643e-05
2.58e-05
2.57359e-05
2.56719e-05
2.56081e-05
2.55445e-05
2.5481e-05
2.54177e-05
2.53545e-05
2.52915e-05
2.52287e-05
2.5166e-05
2.51034e-05
2.50411e-05
2.49788e-05
2.49167e-05
2.48548e-05
2.47931e-05
2.47315e-05
2.467e-05
2.46087e-05
2.45475e-05
2.44865e-05
2.44257e-05
2.4365e-05
2.43044e-05
2.4244e-05
2.41838e-05
2.41237e-05
2.40637e-05
2.40039e-05
2.39443e-05
2.38848e-05
2.38254e-05
2.37662e-05
2.37072e-05
2.36482e-05
2.35895e-05
2.35309e-05
2.34724e-05
2.3414e-05
2.33559e-05
2.32978e-05
2.32399e-05
2.31822e-05
2.31246e-05
2.30671e-05
2.30098e-05
2.29526e-05
2.28956e-05
2.28387e-05
2.27819e-05
2.27253e-05
2.26688e-05
2.26125e-05
2.25563e-05
2.25002e-05
2.24443e-05
2.23885e-05
2.23329e-05
2.22774e-05
2.2222e-05
2.21668e-05
2.21117e-05
2.20568e-05
2.2002e-05
2.19473e-05
2.18928e-05
2.18384e-05
2.17841e-05
2.17299e-05
2.16759e-05
2.16221e-05
2.15683e-05
2.15147e-05
2.14613e-05
2.14079e-05
2.13547e-05
2.13017e-05
2.12487e-05
2.11959e-05
2.11433e-05
2.10907e-05
2.10383e-05
2.0986e-05
2.09339e-05
2.08819e-05
2.083e-05
2.07782e-05
2.07266e-05
2.06751e-05
2.06237e-05
2.05724e-05
2.05213e-05
2.04703e-05
2.04194e-05
2.03687e-05
2.03181e-05
2.02676e-05
2.02172e-05
2.0167e-05
2.01169e-05
2.00669e-05
2.0017e-05
1.99673e-05
1.99176e-05
1.98681e-05
1.98188e-05
1.97695e-05
1.97204e-05
1.96714e-05
1.96225e-05
1.95737e-05
1.95251e-05
1.94766e-05
1.94282e-05
1.93799e-05
1.93317e-05
1.92837e-05
1.92358e-05
1.9188e-05
1.91403e-05
1.90927e-05
1.90453e-05
1.89979e-05
1.89507e-05
1.89036e-05
1.88567e-05
1.88098e-05
1.87631e-05
1.87164e-05
1.86699e-05
1.86235e-05
1.85772e-05
1.85311e-05
1.8485e-05
1.84391e-05
1.83933e-05
1.83476e-05
1.8302e-05
1.82565e-05
1.82111e-05
1.81659e-05
1.81207e-05
1.80757e-05
1.80308e-05
1.7986e-05
1.79413e-05
1.78967e-05
1.78522e-05
1.78078e-05
1.77636e-05
1.77194e-05
1.76754e-05
1.76315e-05
1.75877e-05
1.7544e-05
1.75004e-05
1.74569e-05
1.74135e-05
1.73702e-05
1.7327e-05
1.7284e-05
1.7241e-05
1.71982e-05
1.71555e-05
1.71128e-05
1.70703e-05
1.70279e-05
1.69856e-05
1.69433e-05
1.69012e-05
1.68592e-05
1.68173e-05
1.67755e-05
1.67339e-05
1.66923e-05
1.66508e-05
1.66094e-05
1.65681e-05
1.6527e-05
1.64859e-05
1.64449e-05
1.64041e-05
1.63633e-05
1.63226e-05
1.62821e-05
1.62416e-05
1.62012e-05
1.6161e-05
1.61208e-05
1.60808e-05
1.60408e-05
1.60009e-05
1.59612e-05
1.59215e-05
1.58819e-05
1.58425e-05
1.58031e-05
1.57638e-05
1.57247e-05
1.56856e-05
1.56466e-05
1.56077e-05
1.55689e-05
1.55302e-05
1.54917e-05
1.54532e-05
1.54148e-05
1.53764e-05
1.53382e-05
1.53001e-05
1.52621e-05
1.52242e-05
1.51863e-05
1.51486e-05
1.51109e-05
1.50734e-05
1.50359e-05
1.49986e-05
1.49613e-05
1.49241e-05
1.4887e-05
1.485e-05
1.48131e-05
1.47763e-05
1.47396e-05
1.4703e-05
1.46664e-05
1.463e-05
1.45936e-05
1.45574e-05
1.45212e-05
1.44851e-05
1.44491e-05
1.44132e-05
1.43774e-05
1.43417e-05
1.4306e-05
1.42705e-05
1.4235e-05
1.41996e-05
1.41643e-05
1.41291e-05
1.4094e-05
1.4059e-05
1.40241e-05
1.39892e-05
1.39545e-05
1.39198e-05
1.38852e-05
1.38507e-05
1.38163e-05
1.37819e-05
1.37477e-05
1.37135e-05
1.36794e-05
1.36454e-05
1.36115e-05
1.35777e-05
1.3544e-05
1.35103e-05
1.34767e-05
1.34432e-05
1.34098e-05
1.33765e-05
1.33433e-05
1.33101e-05
1.3277e-05
1.3244e-05
1.32111e-05
1.31783e-05
1.31455e-05
1.31129e-05
1.30803e-05
1.30478e-05
1.30154e-05
1.2983e-05
1.29507e-05
1.29186e-05
1.28865e-05
1.28544e-05
1.28225e-05
1.27906e-05
1.27588e-05
1.27271e-05
1.26955e-05
1.2664e-05
1.26325e-05
1.26011e-05
1.25698e-05
1.25385e-05
1.25074e-05
1.24763e-05
1.24453e-05
1.24144e-05
1.23835e-05
1.23527e-05
1.23221e-05
1.22914e-05
1.22609e-05
1.22304e-05
1.22e-05
1.21697e-05
1.21395e-05
1.21093e-05
1.20792e-05
1.20492e-05
1.20192e-05
1.19894e-05
1.19596e-05
1.19299e-05
1.19002e-05
1.18706e-05
1.18411e-05
1.18117e-05
1.17824e-05
1.17531e-05
1.17239e-05
1.16947e-05
1.16657e-05
1.16367e-05
1.16078e-05
1.15789e-05
1.15501e-05
1.15214e-05
1.14928e-05
1.14643e-05
1.14358e-05
1.14073e-05
1.1379e-05
1.13507e-05
1.13225e-05
1.12944e-05
1.12663e-05
1.12383e-05
1.12104e-05
1.11825e-05
1.11547e-05
1.1127e-05
1.10994e-05
1.10718e-05
1.10443e-05
1.10168e-05
1.09894e-05
1.09621e-05
1.09349e-05
1.09077e-05
1.08806e-05
1.08536e-05
1.08266e-05
1.07997e-05
1.07729e-05
1.07461e-05
1.07194e-05
1.06927e-05
1.06662e-05
1.06397e-05
1.06132e-05
1.05868e-05
1.05605e-05
1.05343e-05
1.05081e-05
1.0482e-05
1.0456e-05
1.043e-05
1.04041e-05
1.03782e-05
1.03524e-05
1.03267e-05
1.0301e-05
1.02754e-05
1.02499e-05
1.02244e-05
1.0199e-05
1.01737e-05
1.01484e-05
1.01232e-05
1.0098e-05
1.00729e-05
1.00479e-05
1.00229e-05
9.998e-06
9.97315e-06
9.94837e-06
9.92364e-06
9.89898e-06
9.87438e-06
9.84985e-06
9.82537e-06
9.80095e-06
9.7766e-06
9.7523e-06
9.72806e-06
9.70389e-06
9.67977e-06
9.65572e-06
9.63172e-06
9.60779e-06
9.58391e-06
9.5601e-06
9.53634e-06
9.51264e-06
9.489e-06
9.46542e-06
9.4419e-06
9.41843e-06
9.39503e-06
9.37168e-06
9.34839e-06
9.32516e-06
9.30199e-06
9.27887e-06
9.25581e-06
9.23281e-06
9.20987e-06
9.18698e-06
9.16415e-06
9.14138e-06
9.11866e-06
9.096e-06
9.07339e-06
9.05085e-06
9.02835e-06
9.00592e-06
8.98354e-06
8.96121e-06
8.93894e-06
8.91673e-06
8.89457e-06
8.87247e-06
8.85042e-06
8.82843e-06
8.80649e-06
8.7846e-06
8.76277e-06
8.74099e-06
8.71927e-06
8.6976e-06
8.67599e-06
8.65443e-06
8.63292e-06
8.61147e-06
8.59007e-06
8.56872e-06
8.54743e-06
8.52619e-06
8.505e-06
8.48386e-06
8.46278e-06
8.44175e-06
8.42077e-06
8.39985e-06
8.37897e-06
8.35815e-06
8.33738e-06
8.31666e-06
8.29599e-06
8.27538e-06
8.25481e-06
8.2343e-06
8.21384e-06
8.19342e-06
8.17306e-06
8.15275e-06
8.13249e-06
8.11228e-06
8.09212e-06
8.07201e-06
8.05195e-06
8.03194e-06
8.01198e-06
7.99207e-06
7.97221e-06
7.9524e-06
7.93264e-06
7.91293e-06
7.89326e-06
7.87365e-06
7.85408e-06
7.83456e-06
7.81509e-06
7.79567e-06
7.7763e-06
7.75697e-06
7.7377e-06
7.71847e-06
7.69929e-06
7.68015e-06
7.66107e-06
7.64203e-06
7.62304e-06
7.60409e-06
7.5852e-06
7.56635e-06
7.54755e-06
7.52879e-06
7.51008e-06
7.49142e-06
7.4728e-06
7.45423e-06
7.43571e-06
7.41723e-06
7.39879e-06
7.38041e-06
7.36207e-06
7.34377e-06
7.32552e-06
7.30732e-06
7.28916e-06
7.27104e-06
7.25298e-06
7.23495e-06
7.21697e-06
7.19904e-06
7.18115e-06
7.1633e-06
7.1455e-06
7.12774e-06
7.11003e-06
7.09236e-06
7.07474e-06
7.05716e-06
7.03962e-06
7.02212e-06
7.00467e-06
6.98727e-06
6.9699e-06
6.95258e-06
6.9353e-06
6.91807e-06
6.90088e-06
6.88373e-06
6.86662e-06
6.84956e-06
6.83254e-06
6.81556e-06
6.79862e-06
6.78172e-06
6.76487e-06
6.74806e-06
6.73129e-06
6.71456e-06
6.69788e-06
6.68123e-06
6.66463e-06
6.64807e-06
6.63155e-06
6.61507e-06
6.59863e-06
6.58223e-06
6.56587e-06
6.54956e-06
6.53328e-06
6.51704e-06
6.50085e-06
6.48469e-06
6.46858e-06
6.4525e-06
6.43647e-06
6.42047e-06
6.40452e-06
6.3886e-06
6.37273e-06
6.35689e-06
6.34109e-06
6.32533e-06
6.30962e-06
6.29394e-06
6.27829e-06
6.26269e-06
6.24713e-06
6.23161e-06
6.21612e-06
6.20067e-06
6.18526e-06
6.16989e-06
6.15456e-06
6.13926e-06
6.12401e-06
6.10879e-06
6.09361e-06
6.07847e-06
6.06336e-06
6.04829e-06
6.03326e-06
6.01827e-06
6.00331e-06
5.98839e-06
5.97351e-06
5.95867e-06
5.94386e-06
5.92909e-06
5.91436e-06
5.89966e-06
5.885e-06
5.87037e-06
5.85578e-06
5.84123e-06
5.82672e-06
5.81224e-06
5.79779e-06
5.78338e-06
5.76901e-06
5.75468e-06
5.74038e-06
5.72611e-06
5.71188e-06
5.69769e-06
5.68353e-06
5.6694e-06
5.65531e-06
5.64126e-06
5.62724e-06
5.61326e-06
5.59931e-06
5.58539e-06
5.57151e-06
5.55767e-06
5.54386e-06
5.53008e-06
5.51634e-06
5.50263e-06
5.48895e-06
5.47531e-06
5.46171e-06
5.44813e-06
5.4346e-06
5.42109e-06
5.40762e-06
5.39418e-06
5.38077e-06
5.3674e-06
5.35406e-06
5.34076e-06
5.32749e-06
5.31425e-06
5.30104e-06
5.28787e-06
5.27473e-06
5.26162e-06
5.24854e-06
5.2355e-06
5.22249e-06
5.20951e-06
5.19657e-06
5.18365e-06
5.17077e-06
5.15792e-06
5.1451e-06
5.13232e-06
5.11956e-06
5.10684e-06
5.09415e-06
5.08149e-06
5.06886e-06
5.05627e-06
5.0437e-06
5.03117e-06
5.01866e-06
5.00619e-06
4.99375e-06
4.98134e-06
4.96896e-06
4.95662e-06
4.9443e-06
4.93201e-06
4.91975e-06
4.90753e-06
4.89533e-06
4.88317e-06
4.87103e-06
4.85893e-06
4.84685e-06
4.83481e-06
4.82279e-06
4.81081e-06
4.79885e-06
4.78693e-06
4.77503e-06
4.76317e-06
4.75133e-06
4.73952e-06
4.72774e-06
4.71599e-06
4.70427e-06
4.69258e-06
4.68092e-06
4.66929e-06
4.65769e-06
4.64611e-06
4.63457e-06
4.62305e-06
4.61156e-06
4.6001e-06
4.58867e-06
4.57727e-06
4.56589e-06
4.55454e-06
4.54323e-06
4.53194e-06
4.52067e-06
4.50944e-06
4.49823e-06
4.48705e-06
4.4759e-06
4.46478e-06
4.45369e-06
4.44262e-06
4.43158e-06
4.42057e-06
4.40958e-06
4.39862e-06
4.38769e-06
4.37679e-06
4.36591e-06
4.35506e-06
4.34424e-06
4.33344e-06
4.32267e-06
4.31193e-06
4.30122e-06
4.29053e-06
4.27987e-06
4.26923e-06
4.25862e-06
4.24804e-06
4.23748e-06
4.22695e-06
4.21645e-06
4.20597e-06
4.19552e-06
4.18509e-06
4.17469e-06
4.16431e-06
4.15397e-06
4.14364e-06
4.13335e-06
4.12307e-06
4.11283e-06
4.10261e-06
4.09241e-06
4.08224e-06
4.0721e-06
4.06198e-06
4.05188e-06
4.04181e-06
4.03177e-06
4.02175e-06
4.01176e-06
4.00179e-06
3.99184e-06
3.98192e-06
3.97203e-06
3.96216e-06
3.95231e-06
3.94249e-06
3.93269e-06
3.92292e-06
3.91317e-06
3.90345e-06
3.89374e-06
3.88407e-06
3.87442e-06
3.86479e-06
3.85518e-06
3.8456e-06
3.83605e-06
3.82651e-06
3.817e-06
3.80752e-06
3.79806e-06
3.78862e-06
3.7792e-06
3.76981e-06
3.76044e-06
3.7511e-06
3.74178e-06
3.73248e-06
3.7232e-06
3.71395e-06
3.70472e-06
3.69552e-06
3.68633e-06
3.67717e-06
3.66803e-06
3.65892e-06
3.64982e-06
3.64075e-06
3.63171e-06
3.62268e-06
3.61368e-06
3.6047e-06
3.59574e-06
3.58681e-06
3.57789e-06
3.569e-06
3.56013e-06
3.55128e-06
3.54246e-06
3.53366e-06
3.52487e-06
3.51612e-06
3.50738e-06
3.49866e-06
3.48997e-06
3.48129e-06
3.47264e-06
3.46401e-06
3.4554e-06
3.44682e-06
3.43825e-06
3.42971e-06
3.42118e-06
3.41268e-06
3.4042e-06
3.39574e-06
3.3873e-06
3.37889e-06
3.37049e-06
3.36211e-06
3.35376e-06
3.34542e-06
3.33711e-06
3.32882e-06
3.32055e-06
3.31229e-06
3.30406e-06
3.29585e-06
3.28766e-06
3.27949e-06
3.27134e-06
3.26321e-06
3.2551e-06
3.24701e-06
3.23894e-06
3.23089e-06
3.22287e-06
3.21486e-06
3.20687e-06
3.1989e-06
3.19095e-06
3.18302e-06
3.17511e-06
3.16722e-06
3.15935e-06
3.1515e-06
3.14367e-06
3.13585e-06
3.12806e-06
3.12029e-06
3.11253e-06
3.1048e-06
3.09708e-06
3.08939e-06
3.08171e-06
3.07405e-06
3.06641e-06
3.05879e-06
3.05119e-06
3.04361e-06
3.03604e-06
3.0285e-06
3.02097e-06
3.01347e-06
3.00598e-06
2.99851e-06
2.99105e-06
2.98362e-06
2.97621e-06
2.96881e-06
2.96143e-06
2.95407e-06
2.94673e-06
2.93941e-06
2.93211e-06
2.92482e-06
2.91755e-06
2.9103e-06
2.90307e-06
2.89585e-06
2.88866e-06
2.88148e-06
2.87432e-06
2.86718e-06
2.86005e-06
2.85294e-06
2.84585e-06
2.83878e-06
2.83173e-06
2.82469e-06
2.81767e-06
2.81067e-06
2.80368e-06
2.79672e-06
2.78977e-06
2.78283e-06
2.77592e-06
2.76902e-06
2.76214e-06
2.75527e-06
2.74843e-06
2.7416e-06
2.73478e-06
2.72799e-06
2.72121e-06
2.71445e-06
2.7077e-06
2.70097e-06
2.69426e-06
2.68756e-06
2.68089e-06
2.67422e-06
2.66758e-06
2.66095e-06
2.65434e-06
2.64774e-06
2.64116e-06
2.6346e-06
2.62805e-06
2.62152e-06
2.615e-06
2.6085e-06
2.60202e-06
2.59556e-06
2.58911e-06
2.58267e-06
2.57625e-06
2.56985e-06
2.56347e-06
2.5571e-06
2.55074e-06
2.5444e-06
2.53808e-06
2.53177e-06
2.52548e-06
2.5192e-06
2.51294e-06
2.5067e-06
2.50047e-06
2.49426e-06
2.48806e-06
2.48187e-06
2.47571e-06
2.46955e-06
2.46342e-06
2.4573e-06
2.45119e-06
2.4451e-06
2.43902e-06
2.43296e-06
2.42691e-06
2.42088e-06
2.41487e-06
2.40887e-06
2.40288e-06
2.39691e-06
2.39095e-06
2.38501e-06
2.37908e-06
2.37317e-06
2.36727e-06
2.36139e-06
2.35552e-06
2.34967e-06
2.34383e-06
2.33801e-06
2.3322e-06
2.3264e-06
2.32062e-06
2.31485e-06
2.3091e-06
2.30336e-06
2.29764e-06
2.29193e-06
2.28623e-06
2.28055e-06
2.27488e-06
2.26923e-06
2.26359e-06
2.25796e-06
2.25235e-06
2.24676e-06
2.24117e-06
2.2356e-06
2.23005e-06
2.22451e-06
2.21898e-06
2.21346e-06
2.20796e-06
2.20248e-06
2.197e-06
2.19154e-06
2.1861e-06
2.18066e-06
2.17525e-06
2.16984e-06
2.16445e-06
2.15907e-06
2.1537e-06
2.14835e-06
2.14301e-06
2.13769e-06
2.13237e-06
2.12708e-06
2.12179e-06
2.11652e-06
2.11126e-06
2.10601e-06
2.10078e-06
2.09556e-06
2.09035e-06
2.08515e-06
2.07997e-06
2.0748e-06
2.06965e-06
2.0645e-06
2.05937e-06
2.05426e-06
2.04915e-06
2.04406e-06
2.03898e-06
2.03391e-06
2.02886e-06
2.02382e-06
2.01879e-06
2.01377e-06
2.00877e-06
2.00377e-06
1.99879e-06
1.99383e-06
1.98887e-06
1.98393e-06
1.979e-06
1.97408e-06
1.96918e-06
1.96428e-06
1.9594e-06
1.95453e-06
1.94967e-06
1.94483e-06
1.94e-06
1.93518e-06
1.93037e-06
1.92557e-06
1.92078e-06
1.91601e-06
1.91125e-06
1.9065e-06
1.90176e-06
1.89704e-06
1.89232e-06
1.88762e-06
1.88293e-06
1.87825e-06
1.87358e-06
1.86893e-06
1.86428e-06
1.85965e-06
1.85503e-06
1.85042e-06
1.84582e-06
1.84123e-06
1.83666e-06
1.83209e-06
1.82754e-06
1.823e-06
1.81847e-06
1.81395e-06
1.80944e-06
1.80494e-06
1.80046e-06
1.79598e-06
1.79152e-06
1.78707e-06
1.78263e-06
1.7782e-06
1.77378e-06
1.76937e-06
1.76497e-06
1.76059e-06
1.75621e-06
1.75185e-06
1.74749e-06
1.74315e-06
1.73882e-06
1.7345e-06
1.73019e-06
1.72589e-06
1.7216e-06
1.71732e-06
1.71305e-06
1.7088e-06
1.70455e-06
1.70031e-06
1.69609e-06
1.69187e-06
1.68767e-06
1.68348e-06
1.67929e-06
1.67512e-06
1.67096e-06
1.6668e-06
1.66266e-06
1.65853e-06
1.65441e-06
1.6503e-06
1.6462e-06
1.64211e-06
1.63802e-06
1.63395e-06
1.62989e-06
1.62584e-06
1.6218e-06
1.61777e-06
1.61375e-06
1.60974e-06
1.60574e-06
1.60175e-06
1.59777e-06
1.5938e-06
1.58984e-06
1.58589e-06
1.58195e-06
1.57802e-06
1.57409e-06
1.57018e-06
1.56628e-06
1.56239e-06
1.55851e-06
1.55463e-06
1.55077e-06
1.54692e-06
1.54307e-06
1.53924e-06
1.53541e-06
1.5316e-06
1.52779e-06
1.52399e-06
1.52021e-06
1.51643e-06
1.51266e-06
1.5089e-06
1.50515e-06
1.50141e-06
1.49768e-06
1.49396e-06
1.49025e-06
1.48654e-06
1.48285e-06
1.47916e-06
1.47549e-06
1.47182e-06
1.46816e-06
1.46451e-06
1.46087e-06
1.45724e-06
1.45362e-06
1.45001e-06
1.44641e-06
1.44281e-06
1.43923e-06
1.43565e-06
1.43208e-06
1.42852e-06
1.42497e-06
1.42143e-06
1.4179e-06
1.41438e-06
1.41086e-06
1.40736e-06
1.40386e-06
1.40037e-06
1.39689e-06
1.39342e-06
1.38996e-06
1.3865e-06
1.38306e-06
1.37962e-06
1.37619e-06
1.37277e-06
1.36936e-06
1.36596e-06
1.36256e-06
1.35918e-06
1.3558e-06
1.35243e-06
1.34907e-06
1.34572e-06
1.34237e-06
1.33904e-06
1.33571e-06
1.33239e-06
1.32908e-06
1.32577e-06
1.32248e-06
1.31919e-06
1.31592e-06
1.31265e-06
1.30938e-06
1.30613e-06
1.30288e-06
1.29965e-06
1.29642e-06
1.29319e-06
1.28998e-06
1.28678e-06
1.28358e-06
1.28039e-06
1.27721e-06
1.27403e-06
1.27087e-06
1.26771e-06
1.26456e-06
1.26141e-06
1.25828e-06
1.25515e-06
1.25203e-06
1.24892e-06
1.24582e-06
1.24272e-06
1.23963e-06
1.23655e-06
1.23348e-06
1.23042e-06
1.22736e-06
1.22431e-06
1.22127e-06
1.21823e-06
1.2152e-06
1.21218e-06
1.20917e-06
1.20617e-06
1.20317e-06
1.20018e-06
1.1972e-06
1.19422e-06
1.19125e-06
1.18829e-06
1.18534e-06
1.18239e-06
1.17946e-06
1.17653e-06
1.1736e-06
1.17069e-06
1.16778e-06
1.16487e-06
1.16198e-06
1.15909e-06
1.15621e-06
1.15334e-06
1.15047e-06
1.14761e-06
1.14476e-06
1.14192e-06
1.13908e-06
1.13625e-06
1.13342e-06
1.13061e-06
1.1278e-06
1.12499e-06
1.1222e-06
1.11941e-06
1.11663e-06
1.11385e-06
1.11109e-06
1.10832e-06
1.10557e-06
1.10282e-06
1.10008e-06
1.09735e-06
1.09462e-06
1.0919e-06
1.08919e-06
1.08648e-06
1.08378e-06
1.08109e-06
1.0784e-06
1.07572e-06
1.07305e-06
1.07038e-06
1.06772e-06
1.06507e-06
1.06242e-06
1.05978e-06
1.05715e-06
1.05452e-06
1.0519e-06
1.04929e-06
1.04668e-06
1.04408e-06
1.04148e-06
1.03889e-06
1.03631e-06
1.03374e-06
1.03117e-06
1.02861e-06
1.02605e-06
1.0235e-06
1.02096e-06
1.01842e-06
1.01589e-06
1.01336e-06
1.01085e-06
1.00833e-06
1.00583e-06
1.00333e-06
1.00084e-06
9.98348e-07
9.95867e-07
9.93392e-07
9.90924e-07
9.88461e-07
9.86005e-07
9.83554e-07
9.8111e-07
9.78672e-07
9.7624e-07
9.73814e-07
9.71394e-07
9.6898e-07
9.66572e-07
9.6417e-07
9.61774e-07
9.59384e-07
9.57e-07
9.54622e-07
9.52249e-07
9.49883e-07
9.47522e-07
9.45168e-07
9.42819e-07
9.40476e-07
9.38139e-07
9.35807e-07
9.33482e-07
9.31162e-07
9.28848e-07
9.2654e-07
9.24237e-07
9.21941e-07
9.1965e-07
9.17364e-07
9.15084e-07
9.1281e-07
9.10542e-07
9.08279e-07
9.06022e-07
9.03771e-07
9.01525e-07
8.99284e-07
8.97049e-07
8.9482e-07
8.92597e-07
8.90378e-07
8.88166e-07
8.85959e-07
8.83757e-07
8.81561e-07
8.7937e-07
8.77185e-07
8.75005e-07
8.7283e-07
8.70661e-07
8.68498e-07
8.66339e-07
8.64186e-07
8.62039e-07
8.59897e-07
8.5776e-07
8.55628e-07
8.53502e-07
8.51381e-07
8.49265e-07
8.47155e-07
8.45049e-07
8.42949e-07
8.40855e-07
8.38765e-07
8.36681e-07
8.34601e-07
8.32527e-07
8.30459e-07
8.28395e-07
8.26336e-07
8.24283e-07
8.22234e-07
8.20191e-07
8.18153e-07
8.1612e-07
8.14091e-07
8.12068e-07
8.1005e-07
8.08037e-07
8.06029e-07
8.04026e-07
8.02028e-07
8.00035e-07
7.98047e-07
7.96064e-07
7.94085e-07
7.92112e-07
7.90144e-07
7.8818e-07
7.86221e-07
7.84268e-07
7.82319e-07
7.80375e-07
7.78435e-07
7.76501e-07
7.74571e-07
7.72646e-07
7.70726e-07
7.68811e-07
7.669e-07
7.64995e-07
7.63093e-07
7.61197e-07
7.59305e-07
7.57419e-07
7.55536e-07
7.53659e-07
7.51786e-07
7.49918e-07
7.48054e-07
7.46195e-07
7.44341e-07
7.42491e-07
7.40646e-07
7.38805e-07
7.36969e-07
7.35138e-07
7.33311e-07
7.31489e-07
7.29671e-07
7.27858e-07
7.26049e-07
7.24245e-07
7.22445e-07
7.20649e-07
7.18859e-07
7.17072e-07
7.1529e-07
7.13513e-07
7.11739e-07
7.09971e-07
7.08206e-07
7.06447e-07
7.04691e-07
7.0294e-07
7.01193e-07
6.9945e-07
6.97712e-07
6.95978e-07
6.94249e-07
6.92524e-07
6.90803e-07
6.89086e-07
6.87373e-07
6.85665e-07
6.83961e-07
6.82262e-07
6.80566e-07
6.78875e-07
6.77188e-07
6.75505e-07
6.73826e-07
6.72152e-07
6.70481e-07
6.68815e-07
6.67153e-07
6.65495e-07
6.63842e-07
6.62192e-07
6.60546e-07
6.58905e-07
6.57267e-07
6.55634e-07
6.54005e-07
6.52379e-07
6.50758e-07
6.49141e-07
6.47528e-07
6.45919e-07
6.44314e-07
6.42712e-07
6.41115e-07
6.39522e-07
6.37933e-07
6.36347e-07
6.34766e-07
6.33189e-07
6.31615e-07
6.30045e-07
6.2848e-07
6.26918e-07
6.2536e-07
6.23806e-07
6.22256e-07
6.20709e-07
6.19167e-07
6.17628e-07
6.16093e-07
6.14562e-07
6.13035e-07
6.11512e-07
6.09992e-07
6.08476e-07
6.06964e-07
6.05456e-07
6.03951e-07
6.0245e-07
6.00953e-07
5.9946e-07
5.9797e-07
5.96484e-07
5.95002e-07
5.93523e-07
5.92048e-07
5.90577e-07
5.89109e-07
5.87645e-07
5.86185e-07
5.84728e-07
5.83275e-07
5.81826e-07
5.8038e-07
5.78938e-07
5.77499e-07
5.76064e-07
5.74632e-07
5.73204e-07
5.7178e-07
5.70359e-07
5.68941e-07
5.67528e-07
5.66117e-07
5.6471e-07
5.63307e-07
5.61907e-07
5.60511e-07
5.59118e-07
5.57728e-07
5.56342e-07
5.5496e-07
5.53581e-07
5.52205e-07
5.50833e-07
5.49464e-07
5.48098e-07
5.46736e-07
5.45378e-07
5.44022e-07
5.42671e-07
5.41322e-07
5.39977e-07
5.38635e-07
5.37296e-07
5.35961e-07
5.34629e-07
5.33301e-07
5.31975e-07
5.30653e-07
5.29335e-07
5.28019e-07
5.26707e-07
5.25398e-07
5.24092e-07
5.2279e-07
5.21491e-07
5.20195e-07
5.18902e-07
5.17613e-07
5.16326e-07
5.15043e-07
5.13763e-07
5.12487e-07
5.11213e-07
5.09943e-07
5.08675e-07
5.07411e-07
5.0615e-07
5.04893e-07
5.03638e-07
5.02386e-07
5.01138e-07
4.99892e-07
4.9865e-07
4.97411e-07
4.96175e-07
4.94942e-07
4.93712e-07
4.92485e-07
4.91261e-07
4.9004e-07
4.88823e-07
4.87608e-07
4.86396e-07
4.85187e-07
4.83982e-07
4.82779e-07
4.81579e-07
4.80382e-07
4.79189e-07
4.77998e-07
4.7681e-07
4.75625e-07
4.74443e-07
4.73264e-07
4.72088e-07
4.70915e-07
4.69745e-07
4.68577e-07
4.67413e-07
4.66251e-07
4.65092e-07
4.63937e-07
4.62784e-07
4.61634e-07
4.60487e-07
4.59342e-07
4.58201e-07
4.57062e-07
4.55926e-07
4.54793e-07
4.53663e-07
4.52536e-07
4.51411e-07
4.50289e-07
4.4917e-07
4.48054e-07
4.46941e-07
4.4583e-07
4.44722e-07
4.43617e-07
4.42514e-07
4.41415e-07
4.40318e-07
4.39224e-07
4.38132e-07
4.37043e-07
4.35957e-07
4.34874e-07
4.33793e-07
4.32715e-07
4.3164e-07
4.30567e-07
4.29497e-07
4.2843e-07
4.27365e-07
4.26303e-07
4.25244e-07
4.24187e-07
4.23133e-07
4.22081e-07
4.21032e-07
4.19986e-07
4.18942e-07
4.17901e-07
4.16863e-07
4.15827e-07
4.14794e-07
4.13763e-07
4.12734e-07
4.11709e-07
4.10686e-07
4.09665e-07
4.08647e-07
4.07632e-07
4.06619e-07
4.05608e-07
4.046e-07
4.03595e-07
4.02592e-07
4.01591e-07
4.00593e-07
3.99598e-07
3.98605e-07
3.97614e-07
3.96626e-07
3.9564e-07
3.94657e-07
3.93676e-07
3.92698e-07
3.91722e-07
3.90749e-07
3.89778e-07
3.88809e-07
3.87843e-07
3.86879e-07
3.85918e-07
3.84959e-07
3.84002e-07
3.83048e-07
3.82096e-07
3.81146e-07
3.80199e-07
3.79254e-07
3.78312e-07
3.77372e-07
3.76434e-07
3.75498e-07
3.74565e-07
3.73634e-07
3.72706e-07
3.7178e-07
3.70856e-07
3.69934e-07
3.69015e-07
3.68098e-07
3.67183e-07
3.66271e-07
3.65361e-07
3.64453e-07
3.63547e-07
3.62643e-07
3.61742e-07
3.60843e-07
3.59947e-07
3.59052e-07
3.5816e-07
3.5727e-07
3.56382e-07
3.55496e-07
3.54613e-07
3.53732e-07
3.52853e-07
3.51976e-07
3.51101e-07
3.50229e-07
3.49358e-07
3.4849e-07
3.47624e-07
3.4676e-07
3.45898e-07
3.45039e-07
3.44181e-07
3.43326e-07
3.42473e-07
3.41622e-07
3.40773e-07
3.39926e-07
3.39081e-07
3.38239e-07
3.37398e-07
3.3656e-07
3.35723e-07
3.34889e-07
3.34057e-07
3.33227e-07
3.32398e-07
3.31572e-07
3.30748e-07
3.29927e-07
3.29107e-07
3.28289e-07
3.27473e-07
3.26659e-07
3.25847e-07
3.25038e-07
3.2423e-07
3.23424e-07
3.2262e-07
3.21819e-07
3.21019e-07
3.20221e-07
3.19425e-07
3.18632e-07
3.1784e-07
3.1705e-07
3.16262e-07
3.15476e-07
3.14692e-07
3.1391e-07
3.1313e-07
3.12352e-07
3.11576e-07
3.10801e-07
3.10029e-07
3.09259e-07
3.0849e-07
3.07723e-07
3.06959e-07
3.06196e-07
3.05435e-07
3.04676e-07
3.03919e-07
3.03164e-07
3.0241e-07
3.01659e-07
3.00909e-07
3.00161e-07
2.99415e-07
2.98671e-07
2.97929e-07
2.97189e-07
2.9645e-07
2.95713e-07
2.94979e-07
2.94246e-07
2.93514e-07
2.92785e-07
2.92057e-07
2.91332e-07
2.90608e-07
2.89885e-07
2.89165e-07
2.88446e-07
2.8773e-07
2.87015e-07
2.86301e-07
2.8559e-07
2.8488e-07
2.84172e-07
2.83466e-07
2.82762e-07
2.82059e-07
2.81358e-07
2.80659e-07
2.79961e-07
2.79266e-07
2.78572e-07
2.77879e-07
2.77189e-07
2.765e-07
2.75813e-07
2.75127e-07
2.74444e-07
2.73762e-07
2.73081e-07
2.72403e-07
2.71726e-07
2.71051e-07
2.70377e-07
2.69705e-07
2.69035e-07
2.68366e-07
2.67699e-07
2.67034e-07
2.6637e-07
2.65709e-07
2.65048e-07
2.6439e-07
2.63733e-07
2.63077e-07
2.62423e-07
2.61771e-07
2.61121e-07
2.60472e-07
2.59824e-07
2.59179e-07
2.58535e-07
2.57892e-07
2.57251e-07
2.56612e-07
2.55974e-07
2.55338e-07
2.54704e-07
2.54071e-07
2.53439e-07
2.5281e-07
2.52181e-07
2.51555e-07
2.5093e-07
2.50306e-07
2.49684e-07
2.49063e-07
2.48445e-07
2.47827e-07
2.47211e-07
2.46597e-07
2.45984e-07
2.45373e-07
2.44763e-07
2.44155e-07
2.43548e-07
2.42943e-07
2.42339e-07
2.41737e-07
2.41136e-07
2.40537e-07
2.39939e-07
2.39343e-07
2.38748e-07
2.38155e-07
2.37563e-07
2.36973e-07
2.36384e-07
2.35796e-07
2.3521e-07
2.34626e-07
2.34043e-07
2.33461e-07
2.32881e-07
2.32302e-07
2.31725e-07
2.31149e-07
2.30575e-07
2.30002e-07
2.2943e-07
2.2886e-07
2.28291e-07
2.27724e-07
2.27158e-07
2.26593e-07
2.2603e-07
2.25469e-07
2.24908e-07
2.24349e-07
2.23792e-07
2.23236e-07
2.22681e-07
2.22128e-07
2.21576e-07
2.21025e-07
2.20476e-07
2.19928e-07
2.19381e-07
2.18836e-07
2.18292e-07
2.1775e-07
2.17209e-07
2.16669e-07
2.16131e-07
2.15593e-07
2.15058e-07
2.14523e-07
2.1399e-07
2.13458e-07
2.12928e-07
2.12399e-07
2.11871e-07
2.11344e-07
2.10819e-07
2.10295e-07
2.09773e-07
2.09251e-07
2.08731e-07
2.08213e-07
2.07695e-07
2.07179e-07
2.06664e-07
2.06151e-07
2.05638e-07
2.05127e-07
2.04618e-07
2.04109e-07
2.03602e-07
2.03096e-07
2.02591e-07
2.02088e-07
2.01586e-07
2.01085e-07
2.00585e-07
2.00086e-07
1.99589e-07
1.99093e-07
1.98598e-07
1.98105e-07
1.97613e-07
1.97122e-07
1.96632e-07
1.96143e-07
1.95656e-07
1.95169e-07
1.94684e-07
1.94201e-07
1.93718e-07
1.93237e-07
1.92756e-07
1.92277e-07
1.918e-07
1.91323e-07
1.90847e-07
1.90373e-07
1.899e-07
1.89428e-07
1.88957e-07
1.88488e-07
1.88019e-07
1.87552e-07
1.87086e-07
1.86621e-07
1.86157e-07
1.85695e-07
1.85233e-07
1.84773e-07
1.84314e-07
1.83856e-07
1.83399e-07
1.82943e-07
1.82489e-07
1.82035e-07
1.81583e-07
1.81131e-07
1.80681e-07
1.80232e-07
1.79784e-07
1.79338e-07
1.78892e-07
1.78447e-07
1.78004e-07
1.77562e-07
1.7712e-07
1.7668e-07
1.76241e-07
1.75803e-07
1.75366e-07
1.7493e-07
1.74496e-07
1.74062e-07
1.7363e-07
1.73198e-07
1.72768e-07
1.72338e-07
1.7191e-07
1.71483e-07
1.71057e-07
1.70632e-07
1.70208e-07
1.69785e-07
1.69363e-07
1.68942e-07
1.68522e-07
1.68103e-07
1.67685e-07
1.67269e-07
1.66853e-07
1.66438e-07
1.66025e-07
1.65612e-07
1.65201e-07
1.6479e-07
1.64381e-07
1.63972e-07
1.63565e-07
1.63158e-07
1.62753e-07
1.62348e-07
1.61945e-07
1.61542e-07
1.61141e-07
1.6074e-07
1.60341e-07
1.59943e-07
1.59545e-07
1.59149e-07
1.58753e-07
1.58359e-07
1.57965e-07
1.57573e-07
1.57181e-07
1.5679e-07
1.56401e-07
1.56012e-07
1.55624e-07
1.55238e-07
1.54852e-07
1.54467e-07
1.54083e-07
1.537e-07
1.53318e-07
1.52937e-07
1.52557e-07
1.52178e-07
1.518e-07
1.51423e-07
1.51046e-07
1.50671e-07
1.50297e-07
1.49923e-07
1.49551e-07
1.49179e-07
1.48808e-07
1.48438e-07
1.4807e-07
1.47702e-07
1.47334e-07
1.46968e-07
1.46603e-07
1.46239e-07
1.45875e-07
1.45513e-07
1.45151e-07
1.44791e-07
1.44431e-07
1.44072e-07
1.43714e-07
1.43357e-07
1.43e-07
1.42645e-07
1.42291e-07
1.41937e-07
1.41584e-07
1.41232e-07
1.40881e-07
1.40531e-07
1.40182e-07
1.39834e-07
1.39486e-07
1.3914e-07
1.38794e-07
1.38449e-07
1.38105e-07
1.37762e-07
1.37419e-07
1.37078e-07
1.36737e-07
1.36397e-07
1.36058e-07
1.3572e-07
1.35383e-07
1.35047e-07
1.34711e-07
1.34376e-07
1.34042e-07
1.33709e-07
1.33377e-07
1.33045e-07
1.32715e-07
1.32385e-07
1.32056e-07
1.31728e-07
1.31401e-07
1.31074e-07
1.30748e-07
1.30423e-07
1.30099e-07
1.29776e-07
1.29453e-07
1.29132e-07
1.28811e-07
1.28491e-07
1.28171e-07
1.27853e-07
1.27535e-07
1.27218e-07
1.26902e-07
1.26587e-07
1.26272e-07
1.25958e-07
1.25645e-07
1.25333e-07
1.25022e-07
1.24711e-07
1.24401e-07
1.24092e-07
1.23784e-07
1.23476e-07
1.23169e-07
1.22863e-07
1.22558e-07
1.22253e-07
1.21949e-07
1.21646e-07
1.21344e-07
1.21042e-07
1.20742e-07
1.20442e-07
1.20142e-07
1.19844e-07
1.19546e-07
1.19249e-07
1.18952e-07
1.18657e-07
1.18362e-07
1.18068e-07
1.17774e-07
1.17482e-07
1.1719e-07
1.16899e-07
1.16608e-07
1.16318e-07
1.16029e-07
1.15741e-07
1.15453e-07
1.15166e-07
1.1488e-07
1.14595e-07
1.1431e-07
1.14026e-07
1.13742e-07
1.1346e-07
1.13178e-07
1.12897e-07
1.12616e-07
1.12336e-07
1.12057e-07
1.11779e-07
1.11501e-07
1.11224e-07
1.10947e-07
1.10672e-07
1.10397e-07
1.10122e-07
1.09849e-07
1.09576e-07
1.09303e-07
1.09032e-07
1.08761e-07
1.0849e-07
1.08221e-07
1.07952e-07
1.07684e-07
1.07416e-07
1.07149e-07
1.06883e-07
1.06617e-07
1.06352e-07
1.06088e-07
1.05824e-07
1.05561e-07
1.05299e-07
1.05037e-07
1.04776e-07
1.04516e-07
1.04256e-07
1.03997e-07
1.03739e-07
1.03481e-07
1.03224e-07
1.02967e-07
1.02711e-07
1.02456e-07
1.02201e-07
1.01947e-07
1.01694e-07
1.01441e-07
1.01189e-07
1.00938e-07
1.00687e-07
1.00437e-07
1.00187e-07
9.99382e-08
9.96899e-08
9.94421e-08
9.9195e-08
9.89485e-08
9.87026e-08
9.84573e-08
9.82126e-08
9.79686e-08
9.77251e-08
9.74823e-08
9.724e-08
9.69984e-08
9.67573e-08
9.65169e-08
9.6277e-08
9.60378e-08
9.57991e-08
9.5561e-08
9.53236e-08
9.50867e-08
9.48504e-08
9.46147e-08
9.43795e-08
9.4145e-08
9.3911e-08
9.36777e-08
9.34449e-08
9.32127e-08
9.2981e-08
9.275e-08
9.25195e-08
9.22896e-08
9.20602e-08
9.18314e-08
9.16032e-08
9.13756e-08
9.11485e-08
9.0922e-08
9.06961e-08
9.04707e-08
9.02458e-08
9.00216e-08
8.97979e-08
8.95747e-08
8.93521e-08
8.91301e-08
8.89086e-08
8.86876e-08
8.84672e-08
8.82474e-08
8.80281e-08
8.78093e-08
8.75911e-08
8.73734e-08
8.71563e-08
8.69397e-08
8.67237e-08
8.65082e-08
8.62932e-08
8.60787e-08
8.58648e-08
8.56514e-08
8.54386e-08
8.52263e-08
8.50145e-08
8.48032e-08
8.45925e-08
8.43823e-08
8.41726e-08
8.39634e-08
8.37547e-08
8.35466e-08
8.3339e-08
8.31319e-08
8.29253e-08
8.27192e-08
8.25136e-08
8.23086e-08
8.2104e-08
8.19e-08
8.16965e-08
8.14935e-08
8.12909e-08
8.10889e-08
8.08874e-08
8.06864e-08
8.04859e-08
8.02859e-08
8.00864e-08
7.98874e-08
7.96888e-08
7.94908e-08
7.92933e-08
7.90962e-08
7.88996e-08
7.87036e-08
7.8508e-08
7.83129e-08
7.81183e-08
7.79241e-08
7.77305e-08
7.75373e-08
7.73447e-08
7.71524e-08
7.69607e-08
7.67695e-08
7.65787e-08
7.63884e-08
7.61986e-08
7.60092e-08
7.58203e-08
7.56319e-08
7.54439e-08
7.52565e-08
7.50694e-08
7.48829e-08
7.46968e-08
7.45112e-08
7.4326e-08
7.41413e-08
7.39571e-08
7.37733e-08
7.35899e-08
7.34071e-08
7.32246e-08
7.30427e-08
7.28612e-08
7.26801e-08
7.24995e-08
7.23193e-08
7.21396e-08
7.19603e-08
7.17815e-08
7.16031e-08
7.14252e-08
7.12477e-08
7.10706e-08
7.0894e-08
7.07178e-08
7.05421e-08
7.03668e-08
7.01919e-08
7.00175e-08
6.98435e-08
6.96699e-08
6.94968e-08
6.93241e-08
6.91518e-08
6.898e-08
6.88085e-08
6.86375e-08
6.8467e-08
6.82968e-08
6.81271e-08
6.79578e-08
6.77889e-08
6.76205e-08
6.74524e-08
6.72848e-08
6.71176e-08
6.69508e-08
6.67844e-08
6.66185e-08
6.64529e-08
6.62878e-08
6.6123e-08
6.59587e-08
6.57948e-08
6.56313e-08
6.54682e-08
6.53055e-08
6.51432e-08
6.49813e-08
6.48199e-08
6.46588e-08
6.44981e-08
6.43378e-08
6.41779e-08
6.40184e-08
6.38593e-08
6.37006e-08
6.35423e-08
6.33844e-08
6.32269e-08
6.30698e-08
6.29131e-08
6.27567e-08
6.26008e-08
6.24452e-08
6.229e-08
6.21352e-08
6.19808e-08
6.18268e-08
6.16731e-08
6.15199e-08
6.1367e-08
6.12145e-08
6.10624e-08
6.09106e-08
6.07593e-08
6.06083e-08
6.04577e-08
6.03074e-08
6.01576e-08
6.00081e-08
5.98589e-08
5.97102e-08
5.95618e-08
5.94138e-08
5.92661e-08
5.91189e-08
5.89719e-08
5.88254e-08
5.86792e-08
5.85334e-08
5.83879e-08
5.82428e-08
5.80981e-08
5.79537e-08
5.78097e-08
5.7666e-08
5.75227e-08
5.73798e-08
5.72372e-08
5.70949e-08
5.69531e-08
5.68115e-08
5.66704e-08
5.65295e-08
5.6389e-08
5.62489e-08
5.61091e-08
5.59697e-08
5.58306e-08
5.56919e-08
5.55535e-08
5.54154e-08
5.52777e-08
5.51403e-08
5.50033e-08
5.48666e-08
5.47303e-08
5.45943e-08
5.44586e-08
5.43233e-08
5.41883e-08
5.40536e-08
5.39193e-08
5.37853e-08
5.36516e-08
5.35183e-08
5.33853e-08
5.32526e-08
5.31203e-08
5.29883e-08
5.28566e-08
5.27253e-08
5.25942e-08
5.24635e-08
5.23332e-08
5.22031e-08
5.20734e-08
5.1944e-08
5.18149e-08
5.16861e-08
5.15577e-08
5.14295e-08
5.13017e-08
5.11743e-08
5.10471e-08
5.09202e-08
5.07937e-08
5.06675e-08
5.05415e-08
5.0416e-08
5.02907e-08
5.01657e-08
5.0041e-08
4.99167e-08
4.97926e-08
4.96689e-08
4.95455e-08
4.94223e-08
4.92995e-08
4.9177e-08
4.90548e-08
4.89329e-08
4.88113e-08
4.869e-08
4.8569e-08
4.84483e-08
4.83279e-08
4.82078e-08
4.8088e-08
4.79685e-08
4.78493e-08
4.77304e-08
4.76118e-08
4.74934e-08
4.73754e-08
4.72577e-08
4.71403e-08
4.70231e-08
4.69063e-08
4.67897e-08
4.66734e-08
4.65574e-08
4.64417e-08
4.63263e-08
4.62112e-08
4.60964e-08
4.59818e-08
4.58675e-08
4.57535e-08
4.56398e-08
4.55264e-08
4.54133e-08
4.53004e-08
4.51879e-08
4.50756e-08
4.49636e-08
4.48518e-08
4.47404e-08
4.46292e-08
4.45183e-08
4.44076e-08
4.42973e-08
4.41872e-08
4.40774e-08
4.39679e-08
4.38586e-08
4.37496e-08
4.36409e-08
4.35324e-08
4.34242e-08
4.33163e-08
4.32087e-08
4.31013e-08
4.29942e-08
4.28874e-08
4.27808e-08
4.26745e-08
4.25684e-08
4.24626e-08
4.23571e-08
4.22519e-08
4.21469e-08
4.20421e-08
4.19376e-08
4.18334e-08
4.17295e-08
4.16258e-08
4.15223e-08
4.14191e-08
4.13162e-08
4.12135e-08
4.11111e-08
4.10089e-08
4.0907e-08
4.08054e-08
4.0704e-08
4.06028e-08
4.05019e-08
4.04013e-08
4.03009e-08
4.02007e-08
4.01008e-08
4.00012e-08
3.99018e-08
3.98026e-08
3.97037e-08
3.9605e-08
3.95066e-08
3.94084e-08
3.93105e-08
3.92128e-08
3.91154e-08
3.90182e-08
3.89212e-08
3.88245e-08
3.8728e-08
3.86317e-08
3.85357e-08
3.844e-08
3.83445e-08
3.82492e-08
3.81541e-08
3.80593e-08
3.79647e-08
3.78704e-08
3.77763e-08
3.76824e-08
3.75887e-08
3.74953e-08
3.74022e-08
3.73092e-08
3.72165e-08
3.7124e-08
3.70317e-08
3.69397e-08
3.68479e-08
3.67564e-08
3.6665e-08
3.65739e-08
3.6483e-08
3.63923e-08
3.63019e-08
3.62117e-08
3.61217e-08
3.60319e-08
3.59424e-08
3.58531e-08
3.5764e-08
3.56751e-08
3.55865e-08
3.5498e-08
3.54098e-08
3.53218e-08
3.5234e-08
3.51465e-08
3.50591e-08
3.4972e-08
3.48851e-08
3.47984e-08
3.47119e-08
3.46257e-08
3.45396e-08
3.44538e-08
3.43682e-08
3.42828e-08
3.41976e-08
3.41126e-08
3.40278e-08
3.39433e-08
3.38589e-08
3.37748e-08
3.36908e-08
3.36071e-08
3.35236e-08
3.34403e-08
3.33572e-08
3.32743e-08
3.31916e-08
3.31091e-08
3.30268e-08
3.29448e-08
3.28629e-08
3.27812e-08
3.26998e-08
3.26185e-08
3.25374e-08
3.24566e-08
3.23759e-08
3.22955e-08
3.22152e-08
3.21352e-08
3.20553e-08
3.19756e-08
3.18962e-08
3.18169e-08
3.17378e-08
3.1659e-08
3.15803e-08
3.15018e-08
3.14235e-08
3.13454e-08
3.12676e-08
3.11898e-08
3.11123e-08
3.1035e-08
3.09579e-08
3.0881e-08
3.08042e-08
3.07277e-08
3.06513e-08
3.05751e-08
3.04992e-08
3.04234e-08
3.03478e-08
3.02723e-08
3.01971e-08
3.01221e-08
3.00472e-08
2.99726e-08
2.98981e-08
2.98238e-08
2.97497e-08
2.96757e-08
2.9602e-08
2.95284e-08
2.9455e-08
2.93818e-08
2.93088e-08
2.9236e-08
2.91633e-08
2.90909e-08
2.90186e-08
2.89465e-08
2.88745e-08
2.88028e-08
2.87312e-08
2.86598e-08
2.85886e-08
2.85175e-08
2.84467e-08
2.8376e-08
2.83054e-08
2.82351e-08
2.81649e-08
2.80949e-08
2.80251e-08
2.79555e-08
2.7886e-08
2.78167e-08
2.77476e-08
2.76786e-08
2.76099e-08
2.75412e-08
2.74728e-08
2.74045e-08
2.73364e-08
2.72685e-08
2.72007e-08
2.71331e-08
2.70657e-08
2.69984e-08
2.69313e-08
2.68644e-08
2.67977e-08
2.67311e-08
2.66646e-08
2.65984e-08
2.65323e-08
2.64663e-08
2.64006e-08
2.6335e-08
2.62695e-08
2.62042e-08
2.61391e-08
2.60742e-08
2.60094e-08
2.59447e-08
2.58803e-08
2.58159e-08
2.57518e-08
2.56878e-08
2.5624e-08
2.55603e-08
2.54968e-08
2.54334e-08
2.53702e-08
2.53071e-08
2.52443e-08
2.51815e-08
2.51189e-08
2.50565e-08
2.49943e-08
2.49321e-08
2.48702e-08
2.48084e-08
2.47467e-08
2.46852e-08
2.46239e-08
2.45627e-08
2.45017e-08
2.44408e-08
2.438e-08
2.43194e-08
2.4259e-08
2.41987e-08
2.41386e-08
2.40786e-08
2.40188e-08
2.39591e-08
2.38995e-08
2.38401e-08
2.37809e-08
2.37218e-08
2.36629e-08
2.36041e-08
2.35454e-08
2.34869e-08
2.34285e-08
2.33703e-08
2.33122e-08
2.32543e-08
2.31965e-08
2.31389e-08
2.30813e-08
2.3024e-08
2.29668e-08
2.29097e-08
2.28528e-08
2.2796e-08
2.27393e-08
2.26828e-08
2.26265e-08
2.25702e-08
2.25141e-08
2.24582e-08
2.24024e-08
2.23467e-08
2.22912e-08
2.22358e-08
2.21805e-08
2.21254e-08
2.20704e-08
2.20156e-08
2.19609e-08
2.19063e-08
2.18518e-08
2.17975e-08
2.17434e-08
2.16893e-08
2.16354e-08
2.15817e-08
2.1528e-08
2.14745e-08
2.14212e-08
2.13679e-08
2.13148e-08
2.12619e-08
2.1209e-08
2.11563e-08
2.11038e-08
2.10513e-08
2.0999e-08
2.09468e-08
2.08948e-08
2.08428e-08
2.0791e-08
2.07394e-08
2.06878e-08
2.06364e-08
2.05851e-08
2.0534e-08
2.0483e-08
2.04321e-08
2.03813e-08
2.03306e-08
2.02801e-08
2.02297e-08
2.01794e-08
2.01293e-08
2.00793e-08
2.00294e-08
1.99796e-08
1.99299e-08
1.98804e-08
1.9831e-08
1.97817e-08
1.97326e-08
1.96835e-08
1.96346e-08
1.95858e-08
1.95372e-08
1.94886e-08
1.94402e-08
1.93919e-08
1.93437e-08
1.92956e-08
1.92476e-08
1.91998e-08
1.91521e-08
1.91045e-08
1.9057e-08
1.90097e-08
1.89624e-08
1.89153e-08
1.88683e-08
1.88214e-08
1.87746e-08
1.8728e-08
1.86814e-08
1.8635e-08
1.85887e-08
1.85425e-08
1.84964e-08
1.84505e-08
1.84046e-08
1.83589e-08
1.83133e-08
1.82678e-08
1.82224e-08
1.81771e-08
1.81319e-08
1.80868e-08
1.80419e-08
1.79971e-08
1.79523e-08
1.79077e-08
1.78632e-08
1.78188e-08
1.77745e-08
1.77304e-08
1.76863e-08
1.76424e-08
1.75985e-08
1.75548e-08
1.75112e-08
1.74676e-08
1.74242e-08
1.73809e-08
1.73377e-08
1.72947e-08
1.72517e-08
1.72088e-08
1.7166e-08
1.71234e-08
1.70808e-08
1.70384e-08
1.6996e-08
1.69538e-08
1.69117e-08
1.68697e-08
1.68277e-08
1.67859e-08
1.67442e-08
1.67026e-08
1.66611e-08
1.66197e-08
1.65784e-08
1.65372e-08
1.64961e-08
1.64551e-08
1.64142e-08
1.63734e-08
1.63327e-08
1.62921e-08
1.62516e-08
1.62113e-08
1.6171e-08
1.61308e-08
1.60907e-08
1.60507e-08
1.60108e-08
1.5971e-08
1.59313e-08
1.58918e-08
1.58523e-08
1.58129e-08
1.57736e-08
1.57344e-08
1.56953e-08
1.56563e-08
1.56174e-08
1.55786e-08
1.55398e-08
1.55012e-08
1.54627e-08
1.54243e-08
1.53859e-08
1.53477e-08
1.53096e-08
1.52715e-08
1.52336e-08
1.51957e-08
1.5158e-08
1.51203e-08
1.50827e-08
1.50452e-08
1.50078e-08
1.49705e-08
1.49333e-08
1.48962e-08
1.48592e-08
1.48223e-08
1.47855e-08
1.47487e-08
1.47121e-08
1.46755e-08
1.4639e-08
1.46026e-08
1.45664e-08
1.45302e-08
1.44941e-08
1.4458e-08
1.44221e-08
1.43863e-08
1.43505e-08
1.43149e-08
1.42793e-08
1.42438e-08
1.42084e-08
1.41731e-08
1.41379e-08
1.41027e-08
1.40677e-08
1.40327e-08
1.39979e-08
1.39631e-08
1.39284e-08
1.38938e-08
1.38592e-08
1.38248e-08
1.37904e-08
1.37562e-08
1.3722e-08
1.36879e-08
1.36539e-08
1.36199e-08
1.35861e-08
1.35523e-08
1.35187e-08
1.34851e-08
1.34515e-08
1.34181e-08
1.33848e-08
1.33515e-08
1.33183e-08
1.32852e-08
1.32522e-08
1.32193e-08
1.31864e-08
1.31537e-08
1.3121e-08
1.30884e-08
1.30558e-08
1.30234e-08
1.2991e-08
1.29588e-08
1.29265e-08
1.28944e-08
1.28624e-08
1.28304e-08
1.27985e-08
1.27667e-08
1.2735e-08
1.27034e-08
1.26718e-08
1.26403e-08
1.26089e-08
1.25775e-08
1.25463e-08
1.25151e-08
1.2484e-08
1.2453e-08
1.2422e-08
1.23912e-08
1.23604e-08
1.23297e-08
1.2299e-08
1.22685e-08
1.2238e-08
1.22076e-08
1.21772e-08
1.2147e-08
1.21168e-08
1.20867e-08
1.20566e-08
1.20267e-08
1.19968e-08
1.1967e-08
1.19372e-08
1.19076e-08
1.1878e-08
1.18485e-08
1.1819e-08
1.17896e-08
1.17603e-08
1.17311e-08
1.1702e-08
1.16729e-08
1.16439e-08
1.16149e-08
1.15861e-08
1.15573e-08
1.15286e-08
1.14999e-08
1.14713e-08
1.14428e-08
1.14144e-08
1.1386e-08
1.13577e-08
1.13295e-08
1.13014e-08
1.12733e-08
1.12453e-08
1.12173e-08
1.11894e-08
1.11616e-08
1.11339e-08
1.11062e-08
1.10786e-08
1.10511e-08
1.10236e-08
1.09962e-08
1.09689e-08
1.09416e-08
1.09145e-08
1.08873e-08
1.08603e-08
1.08333e-08
1.08064e-08
1.07795e-08
1.07527e-08
1.0726e-08
1.06993e-08
1.06728e-08
1.06462e-08
1.06198e-08
1.05934e-08
1.05671e-08
1.05408e-08
1.05146e-08
1.04885e-08
1.04624e-08
1.04364e-08
1.04105e-08
1.03846e-08
1.03588e-08
1.03331e-08
1.03074e-08
1.02818e-08
1.02562e-08
1.02307e-08
1.02053e-08
1.01799e-08
1.01546e-08
1.01294e-08
1.01042e-08
1.00791e-08
1.00541e-08
1.00291e-08
1.00042e-08
9.9793e-09
