148.044
0.978148
0.956773
0.935865
0.915414
0.89541
0.875843
0.856704
0.837983
0.819671
0.801759
0.784239
0.767101
0.750338
0.733942
0.717903
0.702215
0.68687
0.67186
0.657179
0.642818
0.628771
0.615031
0.601591
0.588444
0.575586
0.563008
0.550705
0.53867
0.526899
0.515385
0.504123
0.493106
0.482331
0.471791
0.461481
0.451396
0.441532
0.431884
0.422446
0.413215
0.404185
0.395353
0.386713
0.378263
0.369997
0.361911
0.354003
0.346267
0.3387
0.331299
0.324059
0.316978
0.310051
0.303275
0.296648
0.290166
0.283825
0.277623
0.271556
0.265622
0.259817
0.25414
0.248586
0.243154
0.23784
0.232643
0.227559
0.222586
0.217722
0.212965
0.208311
0.203759
0.199306
0.194951
0.190691
0.186524
0.182448
0.178461
0.174561
0.170746
0.167015
0.163365
0.159796
0.156304
0.152888
0.149547
0.146279
0.143083
0.139956
0.136897
0.133906
0.13098
0.128118
0.125318
0.122579
0.119901
0.117281
0.114718
0.112211
0.109759
0.10736
0.105014
0.102719
0.100475
0.0982791
0.0961315
0.0940308
0.091976
0.0899661
0.0880001
0.0860771
0.0841961
0.0823562
0.0805566
0.0787962
0.0770743
0.0753901
0.0737426
0.0721312
0.0705549
0.0690131
0.067505
0.0660299
0.064587
0.0631756
0.061795
0.0604447
0.0591238
0.0578318
0.0565681
0.0553319
0.0541228
0.0529401
0.0517832
0.0506516
0.0495447
0.0484621
0.0474031
0.0463672
0.045354
0.0443629
0.0433934
0.0424452
0.0415176
0.0406104
0.039723
0.0388549
0.0380058
0.0371753
0.0363629
0.0355683
0.0347911
0.0340308
0.0332872
0.0325598
0.0318482
0.0311523
0.0304715
0.0298057
0.0291543
0.0285172
0.0278941
0.0272845
0.0266883
0.0261051
0.0255346
0.0249766
0.0244308
0.023897
0.0233748
0.022864
0.0223643
0.0218756
0.0213976
0.02093
0.0204726
0.0200252
0.0195876
0.0191596
0.0187409
0.0183314
0.0179308
0.017539
0.0171557
0.0167808
0.0164141
0.0160554
0.0157046
0.0153614
0.0150257
0.0146974
0.0143762
0.014062
0.0137547
0.0134542
0.0131602
0.0128726
0.0125913
0.0123161
0.012047
0.0117837
0.0115262
0.0112744
0.011028
0.010787
0.0105513
0.0103207
0.0100952
0.00987457
0.00965879
0.00944772
0.00924127
0.00903932
0.00884179
0.00864858
0.00845959
0.00827472
0.0080939
0.00791703
0.00774402
0.0075748
0.00740927
0.00724736
0.00708899
0.00693408
0.00678255
0.00663434
0.00648936
0.00634755
0.00620884
0.00607316
0.00594045
0.00581064
0.00568366
0.00555946
0.00543797
0.00531914
0.0052029
0.00508921
0.004978
0.00486922
0.00476281
0.00465873
0.00455693
0.00445735
0.00435994
0.00426467
0.00417148
0.00408032
0.00399115
0.00390394
0.00381863
0.00373518
0.00365356
0.00357372
0.00349563
0.00341924
0.00334452
0.00327143
0.00319994
0.00313002
0.00306162
0.00299472
0.00292927
0.00286526
0.00280265
0.0027414
0.0026815
0.0026229
0.00256558
0.00250952
0.00245468
0.00240104
0.00234857
0.00229725
0.00224705
0.00219795
0.00214992
0.00210294
0.00205698
0.00201203
0.00196806
0.00192506
0.00188299
0.00184184
0.00180159
0.00176222
0.00172372
0.00168605
0.0016492
0.00161316
0.00157791
0.00154343
0.0015097
0.00147671
0.00144444
0.00141288
0.001382
0.0013518
0.00132226
0.00129337
0.00126511
0.00123746
0.00121042
0.00118397
0.0011581
0.00113279
0.00110803
0.00108382
0.00106014
0.00103697
0.00101431
0.000992145
0.000970465
0.000949258
0.000928514
0.000908224
0.000888377
0.000868964
0.000849975
0.000831401
0.000813233
0.000795462
0.000778079
0.000761076
0.000744445
0.000728177
0.000712264
0.0006967
0.000681475
0.000666583
0.000652017
0.000637769
0.000623832
0.0006102
0.000596865
0.000583822
0.000571065
0.000558585
0.000546379
0.000534439
0.00052276
0.000511337
0.000500163
0.000489233
0.000478542
0.000468085
0.000457856
0.000447851
0.000438064
0.000428492
0.000419128
0.000409969
0.00040101
0.000392247
0.000383676
0.000375291
0.00036709
0.000359069
0.000351222
0.000343547
0.00033604
0.000328696
0.000321514
0.000314488
0.000307615
0.000300893
0.000294318
0.000287887
0.000281596
0.000275442
0.000269423
0.000263535
0.000257777
0.000252143
0.000246634
0.000241244
0.000235972
0.000230816
0.000225772
0.000220838
0.000216012
0.000211292
0.000206675
0.000202158
0.000197741
0.00019342
0.000189193
0.000185059
0.000181015
0.000177059
0.00017319
0.000169405
0.000165703
0.000162082
0.00015854
0.000155076
0.000151687
0.000148372
0.00014513
0.000141959
0.000138857
0.000135822
0.000132854
0.000129951
0.000127111
0.000124334
0.000121617
0.000118959
0.000116359
0.000113817
0.00011133
0.000108897
0.000106517
0.000104189
0.000101913
9.96856e-05
9.75072e-05
9.53764e-05
9.32922e-05
9.12536e-05
8.92595e-05
8.73089e-05
8.5401e-05
8.35348e-05
8.17094e-05
7.99238e-05
7.81773e-05
7.64689e-05
7.47979e-05
7.31634e-05
7.15646e-05
7.00007e-05
6.84711e-05
6.69748e-05
6.55112e-05
6.40797e-05
6.26794e-05
6.13097e-05
5.99699e-05
5.86594e-05
5.73776e-05
5.61237e-05
5.48973e-05
5.36977e-05
5.25242e-05
5.13765e-05
5.02538e-05
4.91556e-05
4.80814e-05
4.70307e-05
4.6003e-05
4.49977e-05
4.40144e-05
4.30526e-05
4.21118e-05
4.11915e-05
4.02914e-05
3.94109e-05
3.85497e-05
3.77073e-05
3.68833e-05
3.60773e-05
3.5289e-05
3.45178e-05
3.37635e-05
3.30257e-05
3.2304e-05
3.15981e-05
3.09076e-05
3.02322e-05
2.95715e-05
2.89253e-05
2.82932e-05
2.7675e-05
2.70702e-05
2.64787e-05
2.59e-05
2.53341e-05
2.47804e-05
2.42389e-05
2.37093e-05
2.31912e-05
2.26844e-05
2.21887e-05
2.17038e-05
2.12295e-05
2.07656e-05
2.03118e-05
1.9868e-05
1.94338e-05
1.90091e-05
1.85937e-05
1.81874e-05
1.779e-05
1.74012e-05
1.7021e-05
1.6649e-05
1.62852e-05
1.59293e-05
1.55812e-05
1.52407e-05
1.49077e-05
1.45819e-05
1.42633e-05
1.39516e-05
1.36467e-05
1.33485e-05
1.30568e-05
1.27715e-05
1.24924e-05
1.22194e-05
1.19524e-05
1.16912e-05
1.14357e-05
1.11858e-05
1.09414e-05
1.07023e-05
1.04684e-05
1.02396e-05
1.00159e-05
9.79701e-06
9.58292e-06
9.37351e-06
9.16868e-06
8.96832e-06
8.77234e-06
8.58065e-06
8.39314e-06
8.20973e-06
8.03033e-06
7.85484e-06
7.6832e-06
7.5153e-06
7.35107e-06
7.19044e-06
7.03331e-06
6.87961e-06
6.72928e-06
6.58223e-06
6.43839e-06
6.29769e-06
6.16007e-06
6.02546e-06
5.89379e-06
5.765e-06
5.63902e-06
5.51579e-06
5.39526e-06
5.27736e-06
5.16204e-06
5.04923e-06
4.9389e-06
4.83097e-06
4.7254e-06
4.62214e-06
4.52113e-06
4.42234e-06
4.3257e-06
4.23117e-06
4.13871e-06
4.04827e-06
3.95981e-06
3.87327e-06
3.78863e-06
3.70584e-06
3.62486e-06
3.54565e-06
3.46817e-06
3.39238e-06
3.31825e-06
3.24574e-06
3.17481e-06
3.10543e-06
3.03757e-06
2.97119e-06
2.90627e-06
2.84276e-06
2.78064e-06
2.71987e-06
2.66044e-06
2.6023e-06
2.54543e-06
2.48981e-06
2.4354e-06
2.38218e-06
2.33013e-06
2.27921e-06
2.2294e-06
2.18068e-06
2.13303e-06
2.08642e-06
2.04082e-06
1.99623e-06
1.95261e-06
1.90994e-06
1.8682e-06
1.82737e-06
1.78744e-06
1.74838e-06
1.71018e-06
1.6728e-06
1.63625e-06
1.60049e-06
1.56552e-06
1.53131e-06
1.49785e-06
1.46511e-06
1.4331e-06
1.40178e-06
1.37115e-06
1.34119e-06
1.31188e-06
1.28321e-06
1.25517e-06
1.22774e-06
1.20091e-06
1.17467e-06
1.149e-06
1.12389e-06
1.09933e-06
1.07531e-06
1.05181e-06
1.02883e-06
1.00634e-06
9.84352e-07
9.62842e-07
9.41802e-07
9.21221e-07
9.0109e-07
8.81399e-07
8.62138e-07
8.43299e-07
8.24871e-07
8.06845e-07
7.89214e-07
7.71967e-07
7.55098e-07
7.38597e-07
7.22457e-07
7.0667e-07
6.91227e-07
6.76122e-07
6.61348e-07
6.46895e-07
6.32759e-07
6.18932e-07
6.05407e-07
5.92177e-07
5.79237e-07
5.66579e-07
5.54198e-07
5.42087e-07
5.30241e-07
5.18654e-07
5.07321e-07
4.96234e-07
4.8539e-07
4.74784e-07
4.64408e-07
4.5426e-07
4.44333e-07
4.34624e-07
4.25126e-07
4.15836e-07
4.06749e-07
3.9786e-07
3.89166e-07
3.80662e-07
3.72344e-07
3.64207e-07
3.56248e-07
3.48463e-07
3.40849e-07
3.334e-07
3.26115e-07
3.18988e-07
3.12018e-07
3.05199e-07
2.9853e-07
2.92006e-07
2.85625e-07
2.79384e-07
2.73279e-07
2.67307e-07
2.61465e-07
2.55752e-07
2.50163e-07
2.44696e-07
2.39349e-07
2.34119e-07
2.29003e-07
2.23998e-07
2.19104e-07
2.14316e-07
2.09632e-07
2.05051e-07
2.0057e-07
1.96188e-07
1.919e-07
1.87707e-07
1.83605e-07
1.79593e-07
1.75668e-07
1.7183e-07
1.68075e-07
1.64402e-07
1.60809e-07
1.57295e-07
1.53858e-07
1.50496e-07
1.47207e-07
1.4399e-07
1.40844e-07
1.37766e-07
1.34755e-07
1.31811e-07
1.2893e-07
1.26113e-07
1.23357e-07
1.20661e-07
1.18025e-07
1.15445e-07
1.12923e-07
1.10455e-07
1.08041e-07
1.0568e-07
1.03371e-07
1.01112e-07
9.89026e-08
9.67413e-08
9.46273e-08
9.25595e-08
9.05368e-08
8.85584e-08
8.66232e-08
8.47302e-08
8.28787e-08
8.10676e-08
7.92961e-08
7.75632e-08
7.58683e-08
7.42104e-08
7.25887e-08
7.10025e-08
6.94509e-08
6.79332e-08
6.64487e-08
6.49967e-08
6.35763e-08
6.2187e-08
6.08281e-08
5.94989e-08
5.81987e-08
5.69269e-08
5.56829e-08
5.44661e-08
5.32759e-08
5.21117e-08
5.09729e-08
4.9859e-08
4.87695e-08
4.77038e-08
4.66613e-08
4.56417e-08
4.46443e-08
4.36687e-08
4.27144e-08
4.1781e-08
4.0868e-08
3.99749e-08
3.91014e-08
3.82469e-08
3.74111e-08
3.65936e-08
3.5794e-08
3.50118e-08
3.42467e-08
3.34983e-08
3.27663e-08
3.20503e-08
3.13499e-08
3.06648e-08
2.99947e-08
2.93393e-08
2.86981e-08
2.8071e-08
2.74576e-08
2.68576e-08
2.62707e-08
2.56966e-08
2.51351e-08
2.45858e-08
2.40485e-08
2.3523e-08
2.3009e-08
2.25062e-08
2.20144e-08
2.15333e-08
2.10628e-08
2.06025e-08
2.01523e-08
1.97119e-08
1.92811e-08
1.88598e-08
1.84477e-08
1.80445e-08
1.76502e-08
1.72645e-08
1.68873e-08
1.65182e-08
1.61573e-08
1.58042e-08
1.54588e-08
1.5121e-08
1.47906e-08
1.44674e-08
1.41512e-08
1.3842e-08
1.35395e-08
1.32436e-08
1.29542e-08
1.26712e-08
1.23943e-08
1.21234e-08
1.18585e-08
1.15994e-08
1.13459e-08
1.10979e-08
1.08554e-08
1.06182e-08
1.03862e-08
1.01592e-08
9.93721e-09
