148.044
141.89
135.996
130.336
124.903
119.691
114.69
109.894
105.294
100.882
96.6505
92.5927
88.7015
84.9701
81.3922
77.9615
74.6722
71.5185
68.4951
65.5967
62.8183
60.155
57.6024
55.1558
52.8112
50.5642
48.4112
46.3481
44.3715
42.4778
40.6636
38.9258
37.2611
35.6667
34.1396
32.6771
31.2764
29.9352
28.6508
27.421
26.2435
25.1161
24.0368
23.0034
22.0142
21.0671
20.1606
19.2928
18.4621
17.6671
16.906
16.1776
15.4805
14.8132
14.1746
13.5634
12.9785
12.4187
11.883
11.3703
10.8797
10.4102
9.96094
9.531
9.11957
8.72588
8.34914
7.98864
7.64369
7.3136
6.99775
6.69552
6.40633
6.12962
5.86484
5.61149
5.36907
5.13712
4.91518
4.70282
4.49963
4.30521
4.11918
3.94119
3.77089
3.60794
3.45203
3.30285
3.16012
3.02355
2.89288
2.76786
2.64824
2.53379
2.42428
2.3195
2.21925
2.12334
2.03156
1.94376
1.85974
1.77936
1.70245
1.62887
1.55846
1.4911
1.42665
1.36498
1.30598
1.24953
1.19552
1.14385
1.0944
1.0471
1.00184
0.958534
0.917101
0.877458
0.83953
0.80324
0.76852
0.7353
0.703516
0.673105
0.64401
0.616171
0.589537
0.564053
0.539671
0.516343
0.494023
0.472668
0.452236
0.432688
0.413984
0.396089
0.378967
0.362586
0.346912
0.331916
0.317569
0.303841
0.290707
0.278141
0.266117
0.254614
0.243608
0.233077
0.223002
0.213362
0.204139
0.195315
0.186872
0.178794
0.171065
0.163671
0.156596
0.149827
0.14335
0.137153
0.131225
0.125552
0.120125
0.114932
0.109964
0.105211
0.100663
0.0963112
0.092148
0.0881647
0.0843535
0.0807072
0.0772184
0.0738805
0.0706868
0.0676312
0.0647077
0.0619106
0.0592344
0.0566738
0.054224
0.05188
0.0496374
0.0474917
0.0454388
0.0434746
0.0415953
0.0397972
0.0380769
0.036431
0.0348561
0.0333494
0.0319078
0.0305285
0.0292089
0.0279462
0.0267382
0.0255824
0.0244765
0.0234185
0.0224062
0.0214376
0.0205109
0.0196243
0.018776
0.0179643
0.0171878
0.0164448
0.0157339
0.0150538
0.0144031
0.0137805
0.0131848
0.0126148
0.0120695
0.0115478
0.0110486
0.010571
0.0101141
0.00967686
0.00925855
0.00885833
0.00847541
0.00810904
0.00775851
0.00742313
0.00710225
0.00679524
0.0065015
0.00622046
0.00595156
0.00569429
0.00544814
0.00521263
0.00498731
0.00477172
0.00456545
0.0043681
0.00417928
0.00399862
0.00382577
0.00366039
0.00350216
0.00335077
0.00320593
0.00306735
0.00293475
0.00280789
0.00268651
0.00257038
0.00245927
0.00235297
0.00225125
0.00215394
0.00206083
0.00197174
0.00188651
0.00180496
0.00172694
0.00165229
0.00158086
0.00151253
0.00144715
0.00138459
0.00132474
0.00126747
0.00121268
0.00116026
0.00111011
0.00106212
0.00101621
0.00097228
0.000930251
0.000890039
0.000851565
0.000814754
0.000779534
0.000745837
0.000713597
0.00068275
0.000653236
0.000624999
0.000597982
0.000572133
0.000547401
0.000523738
0.000501098
0.000479437
0.000458713
0.000438884
0.000419912
0.00040176
0.000384393
0.000367777
0.000351879
0.000336668
0.000322115
0.000308191
0.000294869
0.000282122
0.000269927
0.000258259
0.000247095
0.000236414
0.000226194
0.000216416
0.000207061
0.000198111
0.000189547
0.000181353
0.000173514
0.000166013
0.000158837
0.000151971
0.000145402
0.000139116
0.000133103
0.000127349
0.000121844
0.000116577
0.000111538
0.000106716
0.000102103
9.76896e-05
9.34667e-05
8.94264e-05
8.55608e-05
8.18622e-05
7.83235e-05
7.49378e-05
7.16984e-05
6.85991e-05
6.56338e-05
6.27966e-05
6.00821e-05
5.74849e-05
5.5e-05
5.26225e-05
5.03477e-05
4.81714e-05
4.6089e-05
4.40967e-05
4.21906e-05
4.03668e-05
3.86218e-05
3.69523e-05
3.5355e-05
3.38267e-05
3.23644e-05
3.09654e-05
2.96269e-05
2.83462e-05
2.71208e-05
2.59485e-05
2.48268e-05
2.37536e-05
2.27268e-05
2.17444e-05
2.08044e-05
1.99051e-05
1.90447e-05
1.82214e-05
1.74338e-05
1.66801e-05
1.59591e-05
1.52692e-05
1.46092e-05
1.39777e-05
1.33735e-05
1.27954e-05
1.22423e-05
1.17131e-05
1.12067e-05
1.07223e-05
1.02588e-05
9.81534e-06
9.39105e-06
8.9851e-06
8.5967e-06
8.22508e-06
7.86954e-06
7.52936e-06
7.20388e-06
6.89248e-06
6.59454e-06
6.30947e-06
6.03673e-06
5.77578e-06
5.52611e-06
5.28723e-06
5.05868e-06
4.84001e-06
4.63078e-06
4.43061e-06
4.23909e-06
4.05584e-06
3.88052e-06
3.71277e-06
3.55228e-06
3.39873e-06
3.25181e-06
3.11124e-06
2.97675e-06
2.84807e-06
2.72496e-06
2.60717e-06
2.49447e-06
2.38664e-06
2.28347e-06
2.18476e-06
2.09032e-06
1.99996e-06
1.91351e-06
1.83079e-06
1.75165e-06
1.67593e-06
1.60349e-06
1.53417e-06
1.46785e-06
1.4044e-06
1.34369e-06
1.28561e-06
1.23004e-06
1.17687e-06
1.12599e-06
1.07732e-06
1.03075e-06
9.86194e-07
9.43563e-07
9.02775e-07
8.63751e-07
8.26413e-07
7.9069e-07
7.5651e-07
7.23809e-07
6.9252e-07
6.62584e-07
6.33943e-07
6.06539e-07
5.8032e-07
5.55234e-07
5.31233e-07
5.08269e-07
4.86298e-07
4.65277e-07
4.45164e-07
4.25921e-07
4.0751e-07
3.89894e-07
3.7304e-07
3.56915e-07
3.41486e-07
3.26725e-07
3.12601e-07
2.99088e-07
2.8616e-07
2.7379e-07
2.61954e-07
2.50631e-07
2.39797e-07
2.29431e-07
2.19513e-07
2.10024e-07
2.00946e-07
1.92259e-07
1.83949e-07
1.75997e-07
1.68389e-07
1.6111e-07
1.54146e-07
1.47482e-07
1.41107e-07
1.35007e-07
1.29171e-07
1.23588e-07
1.18245e-07
1.13134e-07
1.08243e-07
1.03564e-07
9.90875e-08
9.48042e-08
9.07061e-08
8.67852e-08
8.30337e-08
7.94444e-08
7.60102e-08
7.27245e-08
6.95808e-08
6.65729e-08
6.36952e-08
6.09419e-08
5.83075e-08
5.57871e-08
5.33755e-08
5.10682e-08
4.88607e-08
4.67485e-08
4.47278e-08
4.27943e-08
4.09444e-08
3.91745e-08
3.74811e-08
3.58609e-08
3.43108e-08
3.28276e-08
3.14085e-08
3.00508e-08
2.87518e-08
2.75089e-08
2.63198e-08
2.51821e-08
2.40935e-08
2.30519e-08
2.20556e-08
2.11022e-08
2.01899e-08
1.93172e-08
1.84822e-08
1.76832e-08
1.69188e-08
1.61874e-08
1.54877e-08
1.48182e-08
1.41777e-08
1.35649e-08
1.29784e-08
1.24175e-08
1.18807e-08
1.13671e-08
1.08757e-08
1.04056e-08
9.95584e-09
