64
0
0
0
0
0
0
0
0
0
0
0
0
0
0
0
0
0
0
0
0
0
0
0
0
0
0
0
0
0
0
0
0
0
0
0
0
0
0
0
0
0
0
0
0
0
0
0
0
0
0
0
0
0
0
0
0
0
0
0
0
0
0
0
0
0
-0.00248152
-0.00495688
-0.00741991
-0.00986449
-0.0122845
-0.0146741
-0.0170271
-0.0193378
-0.0216004
-0.0238094
-0.0259591
-0.0280443
-0.0300597
-0.0320005
-0.0338617
-0.0356387
-0.037327
-0.0389226
-0.0404214
-0.0418198
-0.0431141
-0.0443013
-0.0453783
-0.0463425
-0.0471915
-0.0479232
-0.0485357
-0.0490276
-0.0493975
-0.0496447
-0.0497684
-0.0497684
-0.0496447
-0.0493975
-0.0490276
-0.0485357
-0.0479232
-0.0471915
-0.0463425
-0.0453783
-0.0443013
-0.0431141
-0.0418198
-0.0404214
-0.0389226
-0.037327
-0.0356387
-0.0338617
-0.0320005
-0.0300597
-0.0280443
-0.0259591
-0.0238094
-0.0216004
-0.0193378
-0.0170271
-0.0146741
-0.0122845
-0.00986449
-0.00741991
-0.00495688
-0.00248152
-6.10436e-18
0
-0.00495688
-0.00990143
-0.0148214
-0.0197045
-0.0245386
-0.0293116
-0.0340119
-0.0386275
-0.0431472
-0.0475595
-0.0518536
-0.0560188
-0.0600448
-0.0639214
-0.0676391
-0.0711887
-0.0745613
-0.0777485
-0.0807424
-0.0835356
-0.0861211
-0.0884925
-0.0906438
-0.0925699
-0.0942657
-0.0957273
-0.0969508
-0.0979333
-0.0986723
-0.099166
-0.0994131
-0.0994131
-0.099166
-0.0986723
-0.0979333
-0.0969508
-0.0957273
-0.0942657
-0.0925699
-0.0906438
-0.0884925
-0.0861211
-0.0835356
-0.0807424
-0.0777485
-0.0745613
-0.0711887
-0.0676391
-0.0639214
-0.0600448
-0.0560188
-0.0518536
-0.0475595
-0.0431472
-0.0386275
-0.0340119
-0.0293116
-0.0245386
-0.0197045
-0.0148214
-0.00990143
-0.00495688
-1.21935e-17
0
-0.00741991
-0.0148214
-0.022186
-0.0294954
-0.0367316
-0.0438764
-0.0509121
-0.0578212
-0.0645866
-0.0711914
-0.0776193
-0.0838541
-0.0898805
-0.0956834
-0.101248
-0.106562
-0.11161
-0.116381
-0.120863
-0.125044
-0.128914
-0.132464
-0.135684
-0.138567
-0.141106
-0.143293
-0.145125
-0.146595
-0.147702
-0.148441
-0.148811
-0.148811
-0.148441
-0.147702
-0.146595
-0.145125
-0.143293
-0.141106
-0.138567
-0.135684
-0.132464
-0.128914
-0.125044
-0.120863
-0.116381
-0.11161
-0.106562
-0.101248
-0.0956834
-0.0898805
-0.0838541
-0.0776193
-0.0711914
-0.0645866
-0.0578212
-0.0509121
-0.0438764
-0.0367316
-0.0294954
-0.022186
-0.0148214
-0.00741991
-1.82524e-17
0
-0.00986449
-0.0197045
-0.0294954
-0.0392131
-0.0488332
-0.058332
-0.0676857
-0.0768712
-0.0858655
-0.0946464
-0.103192
-0.111481
-0.119493
-0.127208
-0.134606
-0.14167
-0.148382
-0.154724
-0.160682
-0.166241
-0.171386
-0.176105
-0.180387
-0.18422
-0.187595
-0.190503
-0.192938
-0.194893
-0.196364
-0.197346
-0.197838
-0.197838
-0.197346
-0.196364
-0.194893
-0.192938
-0.190503
-0.187595
-0.18422
-0.180387
-0.176105
-0.171386
-0.166241
-0.160682
-0.154724
-0.148382
-0.14167
-0.134606
-0.127208
-0.119493
-0.111481
-0.103192
-0.0946464
-0.0858655
-0.0768712
-0.0676857
-0.058332
-0.0488332
-0.0392131
-0.0294954
-0.0197045
-0.00986449
-2.42659e-17
0
-0.0122845
-0.0245386
-0.0367316
-0.0488332
-0.0608135
-0.0726426
-0.0842911
-0.09573
-0.106931
-0.117866
-0.128508
-0.138831
-0.148808
-0.158415
-0.167629
-0.176426
-0.184784
-0.192683
-0.200103
-0.207025
-0.213432
-0.219309
-0.224641
-0.229414
-0.233617
-0.237239
-0.240272
-0.242706
-0.244538
-0.245761
-0.246374
-0.246374
-0.245761
-0.244538
-0.242706
-0.240272
-0.237239
-0.233617
-0.229414
-0.224641
-0.219309
-0.213432
-0.207025
-0.200103
-0.192683
-0.184784
-0.176426
-0.167629
-0.158415
-0.148808
-0.138831
-0.128508
-0.117866
-0.106931
-0.09573
-0.0842911
-0.0726426
-0.0608135
-0.0488332
-0.0367316
-0.0245386
-0.0122845
-3.02191e-17
0
-0.0146741
-0.0293116
-0.0438764
-0.058332
-0.0726426
-0.0867726
-0.100687
-0.114351
-0.12773
-0.140793
-0.153505
-0.165835
-0.177753
-0.189229
-0.200235
-0.210743
-0.220727
-0.230162
-0.239025
-0.247294
-0.254948
-0.261968
-0.268337
-0.274039
-0.279059
-0.283386
-0.287008
-0.289916
-0.292104
-0.293566
-0.294297
-0.294297
-0.293566
-0.292104
-0.289916
-0.287008
-0.283386
-0.279059
-0.274039
-0.268337
-0.261968
-0.254948
-0.247294
-0.239025
-0.230162
-0.220727
-0.210743
-0.200235
-0.189229
-0.177753
-0.165835
-0.153505
-0.140793
-0.12773
-0.114351
-0.100687
-0.0867726
-0.0726426
-0.058332
-0.0438764
-0.0293116
-0.0146741
-3.60971e-17
0
-0.0170271
-0.0340119
-0.0509121
-0.0676857
-0.0842911
-0.100687
-0.116832
-0.132687
-0.148212
-0.163369
-0.17812
-0.192427
-0.206257
-0.219573
-0.232344
-0.244536
-0.256121
-0.26707
-0.277354
-0.286949
-0.29583
-0.303976
-0.311366
-0.317982
-0.323807
-0.328828
-0.33303
-0.336405
-0.338944
-0.34064
-0.341489
-0.341489
-0.34064
-0.338944
-0.336405
-0.33303
-0.328828
-0.323807
-0.317982
-0.311366
-0.303976
-0.29583
-0.286949
-0.277354
-0.26707
-0.256121
-0.244536
-0.232344
-0.219573
-0.206257
-0.192427
-0.17812
-0.163369
-0.148212
-0.132687
-0.116832
-0.100687
-0.0842911
-0.0676857
-0.0509121
-0.0340119
-0.0170271
-4.18854e-17
0
-0.0193378
-0.0386275
-0.0578212
-0.0768712
-0.09573
-0.114351
-0.132687
-0.150694
-0.168326
-0.18554
-0.202292
-0.218541
-0.234247
-0.249371
-0.263874
-0.277722
-0.290879
-0.303313
-0.314993
-0.32589
-0.335976
-0.345227
-0.35362
-0.361134
-0.36775
-0.373452
-0.378225
-0.382058
-0.384941
-0.386867
-0.387831
-0.387831
-0.386867
-0.384941
-0.382058
-0.378225
-0.373452
-0.36775
-0.361134
-0.35362
-0.345227
-0.335976
-0.32589
-0.314993
-0.303313
-0.290879
-0.277722
-0.263874
-0.249371
-0.234247
-0.218541
-0.202292
-0.18554
-0.168326
-0.150694
-0.132687
-0.114351
-0.09573
-0.0768712
-0.0578212
-0.0386275
-0.0193378
-4.75695e-17
0
-0.0216004
-0.0431472
-0.0645866
-0.0858655
-0.106931
-0.12773
-0.148212
-0.168326
-0.188021
-0.207249
-0.225961
-0.244112
-0.261655
-0.278548
-0.294749
-0.310217
-0.324913
-0.338802
-0.351849
-0.36402
-0.375287
-0.385621
-0.394996
-0.403389
-0.410779
-0.417148
-0.422479
-0.426761
-0.429981
-0.432133
-0.43321
-0.43321
-0.432133
-0.429981
-0.426761
-0.422479
-0.417148
-0.410779
-0.403389
-0.394996
-0.385621
-0.375287
-0.36402
-0.351849
-0.338802
-0.324913
-0.310217
-0.294749
-0.278548
-0.261655
-0.244112
-0.225961
-0.207249
-0.188021
-0.168326
-0.148212
-0.12773
-0.106931
-0.0858655
-0.0645866
-0.0431472
-0.0216004
-5.31354e-17
0
-0.0238094
-0.0475595
-0.0711914
-0.0946464
-0.117866
-0.140793
-0.163369
-0.18554
-0.207249
-0.228442
-0.249068
-0.269075
-0.288413
-0.307034
-0.324891
-0.34194
-0.35814
-0.373449
-0.38783
-0.401246
-0.413665
-0.425056
-0.435389
-0.444641
-0.452786
-0.459806
-0.465683
-0.470403
-0.473952
-0.476324
-0.477511
-0.477511
-0.476324
-0.473952
-0.470403
-0.465683
-0.459806
-0.452786
-0.444641
-0.435389
-0.425056
-0.413665
-0.401246
-0.38783
-0.373449
-0.35814
-0.34194
-0.324891
-0.307034
-0.288413
-0.269075
-0.249068
-0.228442
-0.207249
-0.18554
-0.163369
-0.140793
-0.117866
-0.0946464
-0.0711914
-0.0475595
-0.0238094
-5.85692e-17
0
-0.0259591
-0.0518536
-0.0776193
-0.103192
-0.128508
-0.153505
-0.17812
-0.202292
-0.225961
-0.249068
-0.271557
-0.29337
-0.314453
-0.334755
-0.354225
-0.372814
-0.390476
-0.407168
-0.422847
-0.437474
-0.451015
-0.463434
-0.4747
-0.484787
-0.493668
-0.501322
-0.50773
-0.512875
-0.516745
-0.519331
-0.520625
-0.520625
-0.519331
-0.516745
-0.512875
-0.50773
-0.501322
-0.493668
-0.484787
-0.4747
-0.463434
-0.451015
-0.437474
-0.422847
-0.407168
-0.390476
-0.372814
-0.354225
-0.334755
-0.314453
-0.29337
-0.271557
-0.249068
-0.225961
-0.202292
-0.17812
-0.153505
-0.128508
-0.103192
-0.0776193
-0.0518536
-0.0259591
-6.38574e-17
0
-0.0280443
-0.0560188
-0.0838541
-0.111481
-0.138831
-0.165835
-0.192427
-0.218541
-0.244112
-0.269075
-0.29337
-0.316935
-0.339712
-0.361645
-0.382679
-0.402761
-0.421842
-0.439874
-0.456812
-0.472615
-0.487243
-0.500659
-0.512831
-0.523728
-0.533323
-0.541591
-0.548514
-0.554072
-0.558253
-0.561046
-0.562445
-0.562445
-0.561046
-0.558253
-0.554072
-0.548514
-0.541591
-0.533323
-0.523728
-0.512831
-0.500659
-0.487243
-0.472615
-0.456812
-0.439874
-0.421842
-0.402761
-0.382679
-0.361645
-0.339712
-0.316935
-0.29337
-0.269075
-0.244112
-0.218541
-0.192427
-0.165835
-0.138831
-0.111481
-0.0838541
-0.0560188
-0.0280443
-6.89868e-17
0
-0.0300597
-0.0600448
-0.0898805
-0.119493
-0.148808
-0.177753
-0.206257
-0.234247
-0.261655
-0.288413
-0.314453
-0.339712
-0.364126
-0.387635
-0.410181
-0.431706
-0.452158
-0.471486
-0.489642
-0.506581
-0.52226
-0.53664
-0.549687
-0.561367
-0.571651
-0.580514
-0.587934
-0.593892
-0.598374
-0.601367
-0.602866
-0.602866
-0.601367
-0.598374
-0.593892
-0.587934
-0.580514
-0.571651
-0.561367
-0.549687
-0.53664
-0.52226
-0.506581
-0.489642
-0.471486
-0.452158
-0.431706
-0.410181
-0.387635
-0.364126
-0.339712
-0.314453
-0.288413
-0.261655
-0.234247
-0.206257
-0.177753
-0.148808
-0.119493
-0.0898805
-0.0600448
-0.0300597
-7.39447e-17
0
-0.0320005
-0.0639214
-0.0956834
-0.127208
-0.158415
-0.189229
-0.219573
-0.249371
-0.278548
-0.307034
-0.334755
-0.361645
-0.387635
-0.412662
-0.436663
-0.459578
-0.481351
-0.501927
-0.521255
-0.539287
-0.555978
-0.571287
-0.585176
-0.59761
-0.608558
-0.617994
-0.625892
-0.632235
-0.637006
-0.640193
-0.641789
-0.641789
-0.640193
-0.637006
-0.632235
-0.625892
-0.617994
-0.608558
-0.59761
-0.585176
-0.571287
-0.555978
-0.539287
-0.521255
-0.501927
-0.481351
-0.459578
-0.436663
-0.412662
-0.387635
-0.361645
-0.334755
-0.307034
-0.278548
-0.249371
-0.219573
-0.189229
-0.158415
-0.127208
-0.0956834
-0.0639214
-0.0320005
-7.87188e-17
0
-0.0338617
-0.0676391
-0.101248
-0.134606
-0.167629
-0.200235
-0.232344
-0.263874
-0.294749
-0.324891
-0.354225
-0.382679
-0.410181
-0.436663
-0.46206
-0.486308
-0.509347
-0.531119
-0.551571
-0.570652
-0.588314
-0.604514
-0.619211
-0.632368
-0.643953
-0.653937
-0.662295
-0.669007
-0.674055
-0.677428
-0.679116
-0.679116
-0.677428
-0.674055
-0.669007
-0.662295
-0.653937
-0.643953
-0.632368
-0.619211
-0.604514
-0.588314
-0.570652
-0.551571
-0.531119
-0.509347
-0.486308
-0.46206
-0.436663
-0.410181
-0.382679
-0.354225
-0.324891
-0.294749
-0.263874
-0.232344
-0.200235
-0.167629
-0.134606
-0.101248
-0.0676391
-0.0338617
-8.32971e-17
0
-0.0356387
-0.0711887
-0.106562
-0.14167
-0.176426
-0.210743
-0.244536
-0.277722
-0.310217
-0.34194
-0.372814
-0.402761
-0.431706
-0.459578
-0.486308
-0.511828
-0.536076
-0.558991
-0.580517
-0.600599
-0.619188
-0.636238
-0.651706
-0.665553
-0.677746
-0.688254
-0.697051
-0.704115
-0.709428
-0.712978
-0.714755
-0.714755
-0.712978
-0.709428
-0.704115
-0.697051
-0.688254
-0.677746
-0.665553
-0.651706
-0.636238
-0.619188
-0.600599
-0.580517
-0.558991
-0.536076
-0.511828
-0.486308
-0.459578
-0.431706
-0.402761
-0.372814
-0.34194
-0.310217
-0.277722
-0.244536
-0.210743
-0.176426
-0.14167
-0.106562
-0.0711887
-0.0356387
-8.76684e-17
0
-0.037327
-0.0745613
-0.11161
-0.148382
-0.184784
-0.220727
-0.256121
-0.290879
-0.324913
-0.35814
-0.390476
-0.421842
-0.452158
-0.481351
-0.509347
-0.536076
-0.561473
-0.585474
-0.608019
-0.629053
-0.648522
-0.66638
-0.68258
-0.697084
-0.709854
-0.72086
-0.730074
-0.737472
-0.743037
-0.746755
-0.748616
-0.748616
-0.746755
-0.743037
-0.737472
-0.730074
-0.72086
-0.709854
-0.697084
-0.68258
-0.66638
-0.648522
-0.629053
-0.608019
-0.585474
-0.561473
-0.536076
-0.509347
-0.481351
-0.452158
-0.421842
-0.390476
-0.35814
-0.324913
-0.290879
-0.256121
-0.220727
-0.184784
-0.148382
-0.11161
-0.0745613
-0.037327
-9.18217e-17
0
-0.0389226
-0.0777485
-0.116381
-0.154724
-0.192683
-0.230162
-0.26707
-0.303313
-0.338802
-0.373449
-0.407168
-0.439874
-0.471486
-0.501927
-0.531119
-0.558991
-0.585474
-0.6105
-0.634009
-0.655942
-0.676244
-0.694865
-0.711758
-0.726882
-0.740198
-0.751674
-0.761282
-0.768996
-0.774799
-0.778676
-0.780617
-0.780617
-0.778676
-0.774799
-0.768996
-0.761282
-0.751674
-0.740198
-0.726882
-0.711758
-0.694865
-0.676244
-0.655942
-0.634009
-0.6105
-0.585474
-0.558991
-0.531119
-0.501927
-0.471486
-0.439874
-0.407168
-0.373449
-0.338802
-0.303313
-0.26707
-0.230162
-0.192683
-0.154724
-0.116381
-0.0777485
-0.0389226
-9.57467e-17
0
-0.0404214
-0.0807424
-0.120863
-0.160682
-0.200103
-0.239025
-0.277354
-0.314993
-0.351849
-0.38783
-0.422847
-0.456812
-0.489642
-0.521255
-0.551571
-0.580517
-0.608019
-0.634009
-0.658424
-0.681201
-0.702285
-0.721622
-0.739166
-0.754872
-0.768701
-0.780619
-0.790597
-0.798609
-0.804635
-0.808661
-0.810676
-0.810676
-0.808661
-0.804635
-0.798609
-0.790597
-0.780619
-0.768701
-0.754872
-0.739166
-0.721622
-0.702285
-0.681201
-0.658424
-0.634009
-0.608019
-0.580517
-0.551571
-0.521255
-0.489642
-0.456812
-0.422847
-0.38783
-0.351849
-0.314993
-0.277354
-0.239025
-0.200103
-0.160682
-0.120863
-0.0807424
-0.0404214
-9.94337e-17
0
-0.0418198
-0.0835356
-0.125044
-0.166241
-0.207025
-0.247294
-0.286949
-0.32589
-0.36402
-0.401246
-0.437474
-0.472615
-0.506581
-0.539287
-0.570652
-0.600599
-0.629053
-0.655942
-0.681201
-0.704766
-0.726579
-0.746586
-0.764737
-0.780986
-0.795293
-0.807624
-0.817946
-0.826235
-0.83247
-0.836636
-0.838721
-0.838721
-0.836636
-0.83247
-0.826235
-0.817946
-0.807624
-0.795293
-0.780986
-0.764737
-0.746586
-0.726579
-0.704766
-0.681201
-0.655942
-0.629053
-0.600599
-0.570652
-0.539287
-0.506581
-0.472615
-0.437474
-0.401246
-0.36402
-0.32589
-0.286949
-0.247294
-0.207025
-0.166241
-0.125044
-0.0835356
-0.0418198
-1.02874e-16
0
-0.0431141
-0.0861211
-0.128914
-0.171386
-0.213432
-0.254948
-0.29583
-0.335976
-0.375287
-0.413665
-0.451015
-0.487243
-0.52226
-0.555978
-0.588314
-0.619188
-0.648522
-0.676244
-0.702285
-0.726579
-0.749067
-0.769693
-0.788406
-0.805158
-0.819908
-0.832621
-0.843263
-0.851808
-0.858236
-0.86253
-0.86468
-0.86468
-0.86253
-0.858236
-0.851808
-0.843263
-0.832621
-0.819908
-0.805158
-0.788406
-0.769693
-0.749067
-0.726579
-0.702285
-0.676244
-0.648522
-0.619188
-0.588314
-0.555978
-0.52226
-0.487243
-0.451015
-0.413665
-0.375287
-0.335976
-0.29583
-0.254948
-0.213432
-0.171386
-0.128914
-0.0861211
-0.0431141
-1.06058e-16
0
-0.0443013
-0.0884925
-0.132464
-0.176105
-0.219309
-0.261968
-0.303976
-0.345227
-0.385621
-0.425056
-0.463434
-0.500659
-0.53664
-0.571287
-0.604514
-0.636238
-0.66638
-0.694865
-0.721622
-0.746586
-0.769693
-0.790887
-0.810115
-0.827328
-0.842485
-0.855547
-0.866482
-0.875263
-0.881868
-0.88628
-0.888489
-0.888489
-0.88628
-0.881868
-0.875263
-0.866482
-0.855547
-0.842485
-0.827328
-0.810115
-0.790887
-0.769693
-0.746586
-0.721622
-0.694865
-0.66638
-0.636238
-0.604514
-0.571287
-0.53664
-0.500659
-0.463434
-0.425056
-0.385621
-0.345227
-0.303976
-0.261968
-0.219309
-0.176105
-0.132464
-0.0884925
-0.0443013
-1.08978e-16
0
-0.0453783
-0.0906438
-0.135684
-0.180387
-0.224641
-0.268337
-0.311366
-0.35362
-0.394996
-0.435389
-0.4747
-0.512831
-0.549687
-0.585176
-0.619211
-0.651706
-0.68258
-0.711758
-0.739166
-0.764737
-0.788406
-0.810115
-0.82981
-0.847442
-0.862967
-0.876347
-0.887548
-0.896542
-0.903307
-0.907827
-0.91009
-0.91009
-0.907827
-0.903307
-0.896542
-0.887548
-0.876347
-0.862967
-0.847442
-0.82981
-0.810115
-0.788406
-0.764737
-0.739166
-0.711758
-0.68258
-0.651706
-0.619211
-0.585176
-0.549687
-0.512831
-0.4747
-0.435389
-0.394996
-0.35362
-0.311366
-0.268337
-0.224641
-0.180387
-0.135684
-0.0906438
-0.0453783
-1.11627e-16
0
-0.0463425
-0.0925699
-0.138567
-0.18422
-0.229414
-0.274039
-0.317982
-0.361134
-0.403389
-0.444641
-0.484787
-0.523728
-0.561367
-0.59761
-0.632368
-0.665553
-0.697084
-0.726882
-0.754872
-0.780986
-0.805158
-0.827328
-0.847442
-0.865449
-0.881304
-0.894968
-0.906406
-0.915592
-0.922501
-0.927117
-0.929427
-0.929427
-0.927117
-0.922501
-0.915592
-0.906406
-0.894968
-0.881304
-0.865449
-0.847442
-0.827328
-0.805158
-0.780986
-0.754872
-0.726882
-0.697084
-0.665553
-0.632368
-0.59761
-0.561367
-0.523728
-0.484787
-0.444641
-0.403389
-0.361134
-0.317982
-0.274039
-0.229414
-0.18422
-0.138567
-0.0925699
-0.0463425
-1.13999e-16
0
-0.0471915
-0.0942657
-0.141106
-0.187595
-0.233617
-0.279059
-0.323807
-0.36775
-0.410779
-0.452786
-0.493668
-0.533323
-0.571651
-0.608558
-0.643953
-0.677746
-0.709854
-0.740198
-0.768701
-0.795293
-0.819908
-0.842485
-0.862967
-0.881304
-0.897449
-0.911363
-0.923012
-0.932366
-0.939401
-0.944101
-0.946454
-0.946454
-0.944101
-0.939401
-0.932366
-0.923012
-0.911363
-0.897449
-0.881304
-0.862967
-0.842485
-0.819908
-0.795293
-0.768701
-0.740198
-0.709854
-0.677746
-0.643953
-0.608558
-0.571651
-0.533323
-0.493668
-0.452786
-0.410779
-0.36775
-0.323807
-0.279059
-0.233617
-0.187595
-0.141106
-0.0942657
-0.0471915
-1.16088e-16
0
-0.0479232
-0.0957273
-0.143293
-0.190503
-0.237239
-0.283386
-0.328828
-0.373452
-0.417148
-0.459806
-0.501322
-0.541591
-0.580514
-0.617994
-0.653937
-0.688254
-0.72086
-0.751674
-0.780619
-0.807624
-0.832621
-0.855547
-0.876347
-0.894968
-0.911363
-0.925493
-0.937322
-0.946821
-0.953966
-0.958739
-0.961129
-0.961129
-0.958739
-0.953966
-0.946821
-0.937322
-0.925493
-0.911363
-0.894968
-0.876347
-0.855547
-0.832621
-0.807624
-0.780619
-0.751674
-0.72086
-0.688254
-0.653937
-0.617994
-0.580514
-0.541591
-0.501322
-0.459806
-0.417148
-0.373452
-0.328828
-0.283386
-0.237239
-0.190503
-0.143293
-0.0957273
-0.0479232
-1.17887e-16
0
-0.0485357
-0.0969508
-0.145125
-0.192938
-0.240272
-0.287008
-0.33303
-0.378225
-0.422479
-0.465683
-0.50773
-0.548514
-0.587934
-0.625892
-0.662295
-0.697051
-0.730074
-0.761282
-0.790597
-0.817946
-0.843263
-0.866482
-0.887548
-0.906406
-0.923012
-0.937322
-0.949303
-0.958923
-0.966159
-0.970993
-0.973413
-0.973413
-0.970993
-0.966159
-0.958923
-0.949303
-0.937322
-0.923012
-0.906406
-0.887548
-0.866482
-0.843263
-0.817946
-0.790597
-0.761282
-0.730074
-0.697051
-0.662295
-0.625892
-0.587934
-0.548514
-0.50773
-0.465683
-0.422479
-0.378225
-0.33303
-0.287008
-0.240272
-0.192938
-0.145125
-0.0969508
-0.0485357
-1.19394e-16
0
-0.0490276
-0.0979333
-0.146595
-0.194893
-0.242706
-0.289916
-0.336405
-0.382058
-0.426761
-0.470403
-0.512875
-0.554072
-0.593892
-0.632235
-0.669007
-0.704115
-0.737472
-0.768996
-0.798609
-0.826235
-0.851808
-0.875263
-0.896542
-0.915592
-0.932366
-0.946821
-0.958923
-0.96864
-0.97595
-0.980833
-0.983278
-0.983278
-0.980833
-0.97595
-0.96864
-0.958923
-0.946821
-0.932366
-0.915592
-0.896542
-0.875263
-0.851808
-0.826235
-0.798609
-0.768996
-0.737472
-0.704115
-0.669007
-0.632235
-0.593892
-0.554072
-0.512875
-0.470403
-0.426761
-0.382058
-0.336405
-0.289916
-0.242706
-0.194893
-0.146595
-0.0979333
-0.0490276
-1.20604e-16
0
-0.0493975
-0.0986723
-0.147702
-0.196364
-0.244538
-0.292104
-0.338944
-0.384941
-0.429981
-0.473952
-0.516745
-0.558253
-0.598374
-0.637006
-0.674055
-0.709428
-0.743037
-0.774799
-0.804635
-0.83247
-0.858236
-0.881868
-0.903307
-0.922501
-0.939401
-0.953966
-0.966159
-0.97595
-0.983315
-0.988234
-0.990697
-0.990697
-0.988234
-0.983315
-0.97595
-0.966159
-0.953966
-0.939401
-0.922501
-0.903307
-0.881868
-0.858236
-0.83247
-0.804635
-0.774799
-0.743037
-0.709428
-0.674055
-0.637006
-0.598374
-0.558253
-0.516745
-0.473952
-0.429981
-0.384941
-0.338944
-0.292104
-0.244538
-0.196364
-0.147702
-0.0986723
-0.0493975
-1.21514e-16
0
-0.0496447
-0.099166
-0.148441
-0.197346
-0.245761
-0.293566
-0.34064
-0.386867
-0.432133
-0.476324
-0.519331
-0.561046
-0.601367
-0.640193
-0.677428
-0.712978
-0.746755
-0.778676
-0.808661
-0.836636
-0.86253
-0.88628
-0.907827
-0.927117
-0.944101
-0.958739
-0.970993
-0.980833
-0.988234
-0.993179
-0.995654
-0.995654
-0.993179
-0.988234
-0.980833
-0.970993
-0.958739
-0.944101
-0.927117
-0.907827
-0.88628
-0.86253
-0.836636
-0.808661
-0.778676
-0.746755
-0.712978
-0.677428
-0.640193
-0.601367
-0.561046
-0.519331
-0.476324
-0.432133
-0.386867
-0.34064
-0.293566
-0.245761
-0.197346
-0.148441
-0.099166
-0.0496447
-1.22122e-16
0
-0.0497684
-0.0994131
-0.148811
-0.197838
-0.246374
-0.294297
-0.341489
-0.387831
-0.43321
-0.477511
-0.520625
-0.562445
-0.602866
-0.641789
-0.679116
-0.714755
-0.748616
-0.780617
-0.810676
-0.838721
-0.86468
-0.888489
-0.91009
-0.929427
-0.946454
-0.961129
-0.973413
-0.983278
-0.990697
-0.995654
-0.998136
-0.998136
-0.995654
-0.990697
-0.983278
-0.973413
-0.961129
-0.946454
-0.929427
-0.91009
-0.888489
-0.86468
-0.838721
-0.810676
-0.780617
-0.748616
-0.714755
-0.679116
-0.641789
-0.602866
-0.562445
-0.520625
-0.477511
-0.43321
-0.387831
-0.341489
-0.294297
-0.246374
-0.197838
-0.148811
-0.0994131
-0.0497684
-1.22427e-16
0
-0.0497684
-0.0994131
-0.148811
-0.197838
-0.246374
-0.294297
-0.341489
-0.387831
-0.43321
-0.477511
-0.520625
-0.562445
-0.602866
-0.641789
-0.679116
-0.714755
-0.748616
-0.780617
-0.810676
-0.838721
-0.86468
-0.888489
-0.91009
-0.929427
-0.946454
-0.961129
-0.973413
-0.983278
-0.990697
-0.995654
-0.998136
-0.998136
-0.995654
-0.990697
-0.983278
-0.973413
-0.961129
-0.946454
-0.929427
-0.91009
-0.888489
-0.86468
-0.838721
-0.810676
-0.780617
-0.748616
-0.714755
-0.679116
-0.641789
-0.602866
-0.562445
-0.520625
-0.477511
-0.43321
-0.387831
-0.341489
-0.294297
-0.246374
-0.197838
-0.148811
-0.0994131
-0.0497684
-1.22427e-16
0
-0.0496447
-0.099166
-0.148441
-0.197346
-0.245761
-0.293566
-0.34064
-0.386867
-0.432133
-0.476324
-0.519331
-0.561046
-0.601367
-0.640193
-0.677428
-0.712978
-0.746755
-0.778676
-0.808661
-0.836636
-0.86253
-0.88628
-0.907827
-0.927117
-0.944101
-0.958739
-0.970993
-0.980833
-0.988234
-0.993179
-0.995654
-0.995654
-0.993179
-0.988234
-0.980833
-0.970993
-0.958739
-0.944101
-0.927117
-0.907827
-0.88628
-0.86253
-0.836636
-0.808661
-0.778676
-0.746755
-0.712978
-0.677428
-0.640193
-0.601367
-0.561046
-0.519331
-0.476324
-0.432133
-0.386867
-0.34064
-0.293566
-0.245761
-0.197346
-0.148441
-0.099166
-0.0496447
-1.22122e-16
0
-0.0493975
-0.0986723
-0.147702
-0.196364
-0.244538
-0.292104
-0.338944
-0.384941
-0.429981
-0.473952
-0.516745
-0.558253
-0.598374
-0.637006
-0.674055
-0.709428
-0.743037
-0.774799
-0.804635
-0.83247
-0.858236
-0.881868
-0.903307
-0.922501
-0.939401
-0.953966
-0.966159
-0.97595
-0.983315
-0.988234
-0.990697
-0.990697
-0.988234
-0.983315
-0.97595
-0.966159
-0.953966
-0.939401
-0.922501
-0.903307
-0.881868
-0.858236
-0.83247
-0.804635
-0.774799
-0.743037
-0.709428
-0.674055
-0.637006
-0.598374
-0.558253
-0.516745
-0.473952
-0.429981
-0.384941
-0.338944
-0.292104
-0.244538
-0.196364
-0.147702
-0.0986723
-0.0493975
-1.21514e-16
0
-0.0490276
-0.0979333
-0.146595
-0.194893
-0.242706
-0.289916
-0.336405
-0.382058
-0.426761
-0.470403
-0.512875
-0.554072
-0.593892
-0.632235
-0.669007
-0.704115
-0.737472
-0.768996
-0.798609
-0.826235
-0.851808
-0.875263
-0.896542
-0.915592
-0.932366
-0.946821
-0.958923
-0.96864
-0.97595
-0.980833
-0.983278
-0.983278
-0.980833
-0.97595
-0.96864
-0.958923
-0.946821
-0.932366
-0.915592
-0.896542
-0.875263
-0.851808
-0.826235
-0.798609
-0.768996
-0.737472
-0.704115
-0.669007
-0.632235
-0.593892
-0.554072
-0.512875
-0.470403
-0.426761
-0.382058
-0.336405
-0.289916
-0.242706
-0.194893
-0.146595
-0.0979333
-0.0490276
-1.20604e-16
0
-0.0485357
-0.0969508
-0.145125
-0.192938
-0.240272
-0.287008
-0.33303
-0.378225
-0.422479
-0.465683
-0.50773
-0.548514
-0.587934
-0.625892
-0.662295
-0.697051
-0.730074
-0.761282
-0.790597
-0.817946
-0.843263
-0.866482
-0.887548
-0.906406
-0.923012
-0.937322
-0.949303
-0.958923
-0.966159
-0.970993
-0.973413
-0.973413
-0.970993
-0.966159
-0.958923
-0.949303
-0.937322
-0.923012
-0.906406
-0.887548
-0.866482
-0.843263
-0.817946
-0.790597
-0.761282
-0.730074
-0.697051
-0.662295
-0.625892
-0.587934
-0.548514
-0.50773
-0.465683
-0.422479
-0.378225
-0.33303
-0.287008
-0.240272
-0.192938
-0.145125
-0.0969508
-0.0485357
-1.19394e-16
0
-0.0479232
-0.0957273
-0.143293
-0.190503
-0.237239
-0.283386
-0.328828
-0.373452
-0.417148
-0.459806
-0.501322
-0.541591
-0.580514
-0.617994
-0.653937
-0.688254
-0.72086
-0.751674
-0.780619
-0.807624
-0.832621
-0.855547
-0.876347
-0.894968
-0.911363
-0.925493
-0.937322
-0.946821
-0.953966
-0.958739
-0.961129
-0.961129
-0.958739
-0.953966
-0.946821
-0.937322
-0.925493
-0.911363
-0.894968
-0.876347
-0.855547
-0.832621
-0.807624
-0.780619
-0.751674
-0.72086
-0.688254
-0.653937
-0.617994
-0.580514
-0.541591
-0.501322
-0.459806
-0.417148
-0.373452
-0.328828
-0.283386
-0.237239
-0.190503
-0.143293
-0.0957273
-0.0479232
-1.17887e-16
0
-0.0471915
-0.0942657
-0.141106
-0.187595
-0.233617
-0.279059
-0.323807
-0.36775
-0.410779
-0.452786
-0.493668
-0.533323
-0.571651
-0.608558
-0.643953
-0.677746
-0.709854
-0.740198
-0.768701
-0.795293
-0.819908
-0.842485
-0.862967
-0.881304
-0.897449
-0.911363
-0.923012
-0.932366
-0.939401
-0.944101
-0.946454
-0.946454
-0.944101
-0.939401
-0.932366
-0.923012
-0.911363
-0.897449
-0.881304
-0.862967
-0.842485
-0.819908
-0.795293
-0.768701
-0.740198
-0.709854
-0.677746
-0.643953
-0.608558
-0.571651
-0.533323
-0.493668
-0.452786
-0.410779
-0.36775
-0.323807
-0.279059
-0.233617
-0.187595
-0.141106
-0.0942657
-0.0471915
-1.16088e-16
0
-0.0463425
-0.0925699
-0.138567
-0.18422
-0.229414
-0.274039
-0.317982
-0.361134
-0.403389
-0.444641
-0.484787
-0.523728
-0.561367
-0.59761
-0.632368
-0.665553
-0.697084
-0.726882
-0.754872
-0.780986
-0.805158
-0.827328
-0.847442
-0.865449
-0.881304
-0.894968
-0.906406
-0.915592
-0.922501
-0.927117
-0.929427
-0.929427
-0.927117
-0.922501
-0.915592
-0.906406
-0.894968
-0.881304
-0.865449
-0.847442
-0.827328
-0.805158
-0.780986
-0.754872
-0.726882
-0.697084
-0.665553
-0.632368
-0.59761
-0.561367
-0.523728
-0.484787
-0.444641
-0.403389
-0.361134
-0.317982
-0.274039
-0.229414
-0.18422
-0.138567
-0.0925699
-0.0463425
-1.13999e-16
0
-0.0453783
-0.0906438
-0.135684
-0.180387
-0.224641
-0.268337
-0.311366
-0.35362
-0.394996
-0.435389
-0.4747
-0.512831
-0.549687
-0.585176
-0.619211
-0.651706
-0.68258
-0.711758
-0.739166
-0.764737
-0.788406
-0.810115
-0.82981
-0.847442
-0.862967
-0.876347
-0.887548
-0.896542
-0.903307
-0.907827
-0.91009
-0.91009
-0.907827
-0.903307
-0.896542
-0.887548
-0.876347
-0.862967
-0.847442
-0.82981
-0.810115
-0.788406
-0.764737
-0.739166
-0.711758
-0.68258
-0.651706
-0.619211
-0.585176
-0.549687
-0.512831
-0.4747
-0.435389
-0.394996
-0.35362
-0.311366
-0.268337
-0.224641
-0.180387
-0.135684
-0.0906438
-0.0453783
-1.11627e-16
0
-0.0443013
-0.0884925
-0.132464
-0.176105
-0.219309
-0.261968
-0.303976
-0.345227
-0.385621
-0.425056
-0.463434
-0.500659
-0.53664
-0.571287
-0.604514
-0.636238
-0.66638
-0.694865
-0.721622
-0.746586
-0.769693
-0.790887
-0.810115
-0.827328
-0.842485
-0.855547
-0.866482
-0.875263
-0.881868
-0.88628
-0.888489
-0.888489
-0.88628
-0.881868
-0.875263
-0.866482
-0.855547
-0.842485
-0.827328
-0.810115
-0.790887
-0.769693
-0.746586
-0.721622
-0.694865
-0.66638
-0.636238
-0.604514
-0.571287
-0.53664
-0.500659
-0.463434
-0.425056
-0.385621
-0.345227
-0.303976
-0.261968
-0.219309
-0.176105
-0.132464
-0.0884925
-0.0443013
-1.08978e-16
0
-0.0431141
-0.0861211
-0.128914
-0.171386
-0.213432
-0.254948
-0.29583
-0.335976
-0.375287
-0.413665
-0.451015
-0.487243
-0.52226
-0.555978
-0.588314
-0.619188
-0.648522
-0.676244
-0.702285
-0.726579
-0.749067
-0.769693
-0.788406
-0.805158
-0.819908
-0.832621
-0.843263
-0.851808
-0.858236
-0.86253
-0.86468
-0.86468
-0.86253
-0.858236
-0.851808
-0.843263
-0.832621
-0.819908
-0.805158
-0.788406
-0.769693
-0.749067
-0.726579
-0.702285
-0.676244
-0.648522
-0.619188
-0.588314
-0.555978
-0.52226
-0.487243
-0.451015
-0.413665
-0.375287
-0.335976
-0.29583
-0.254948
-0.213432
-0.171386
-0.128914
-0.0861211
-0.0431141
-1.06058e-16
0
-0.0418198
-0.0835356
-0.125044
-0.166241
-0.207025
-0.247294
-0.286949
-0.32589
-0.36402
-0.401246
-0.437474
-0.472615
-0.506581
-0.539287
-0.570652
-0.600599
-0.629053
-0.655942
-0.681201
-0.704766
-0.726579
-0.746586
-0.764737
-0.780986
-0.795293
-0.807624
-0.817946
-0.826235
-0.83247
-0.836636
-0.838721
-0.838721
-0.836636
-0.83247
-0.826235
-0.817946
-0.807624
-0.795293
-0.780986
-0.764737
-0.746586
-0.726579
-0.704766
-0.681201
-0.655942
-0.629053
-0.600599
-0.570652
-0.539287
-0.506581
-0.472615
-0.437474
-0.401246
-0.36402
-0.32589
-0.286949
-0.247294
-0.207025
-0.166241
-0.125044
-0.0835356
-0.0418198
-1.02874e-16
0
-0.0404214
-0.0807424
-0.120863
-0.160682
-0.200103
-0.239025
-0.277354
-0.314993
-0.351849
-0.38783
-0.422847
-0.456812
-0.489642
-0.521255
-0.551571
-0.580517
-0.608019
-0.634009
-0.658424
-0.681201
-0.702285
-0.721622
-0.739166
-0.754872
-0.768701
-0.780619
-0.790597
-0.798609
-0.804635
-0.808661
-0.810676
-0.810676
-0.808661
-0.804635
-0.798609
-0.790597
-0.780619
-0.768701
-0.754872
-0.739166
-0.721622
-0.702285
-0.681201
-0.658424
-0.634009
-0.608019
-0.580517
-0.551571
-0.521255
-0.489642
-0.456812
-0.422847
-0.38783
-0.351849
-0.314993
-0.277354
-0.239025
-0.200103
-0.160682
-0.120863
-0.0807424
-0.0404214
-9.94337e-17
0
-0.0389226
-0.0777485
-0.116381
-0.154724
-0.192683
-0.230162
-0.26707
-0.303313
-0.338802
-0.373449
-0.407168
-0.439874
-0.471486
-0.501927
-0.531119
-0.558991
-0.585474
-0.6105
-0.634009
-0.655942
-0.676244
-0.694865
-0.711758
-0.726882
-0.740198
-0.751674
-0.761282
-0.768996
-0.774799
-0.778676
-0.780617
-0.780617
-0.778676
-0.774799
-0.768996
-0.761282
-0.751674
-0.740198
-0.726882
-0.711758
-0.694865
-0.676244
-0.655942
-0.634009
-0.6105
-0.585474
-0.558991
-0.531119
-0.501927
-0.471486
-0.439874
-0.407168
-0.373449
-0.338802
-0.303313
-0.26707
-0.230162
-0.192683
-0.154724
-0.116381
-0.0777485
-0.0389226
-9.57467e-17
0
-0.037327
-0.0745613
-0.11161
-0.148382
-0.184784
-0.220727
-0.256121
-0.290879
-0.324913
-0.35814
-0.390476
-0.421842
-0.452158
-0.481351
-0.509347
-0.536076
-0.561473
-0.585474
-0.608019
-0.629053
-0.648522
-0.66638
-0.68258
-0.697084
-0.709854
-0.72086
-0.730074
-0.737472
-0.743037
-0.746755
-0.748616
-0.748616
-0.746755
-0.743037
-0.737472
-0.730074
-0.72086
-0.709854
-0.697084
-0.68258
-0.66638
-0.648522
-0.629053
-0.608019
-0.585474
-0.561473
-0.536076
-0.509347
-0.481351
-0.452158
-0.421842
-0.390476
-0.35814
-0.324913
-0.290879
-0.256121
-0.220727
-0.184784
-0.148382
-0.11161
-0.0745613
-0.037327
-9.18217e-17
0
-0.0356387
-0.0711887
-0.106562
-0.14167
-0.176426
-0.210743
-0.244536
-0.277722
-0.310217
-0.34194
-0.372814
-0.402761
-0.431706
-0.459578
-0.486308
-0.511828
-0.536076
-0.558991
-0.580517
-0.600599
-0.619188
-0.636238
-0.651706
-0.665553
-0.677746
-0.688254
-0.697051
-0.704115
-0.709428
-0.712978
-0.714755
-0.714755
-0.712978
-0.709428
-0.704115
-0.697051
-0.688254
-0.677746
-0.665553
-0.651706
-0.636238
-0.619188
-0.600599
-0.580517
-0.558991
-0.536076
-0.511828
-0.486308
-0.459578
-0.431706
-0.402761
-0.372814
-0.34194
-0.310217
-0.277722
-0.244536
-0.210743
-0.176426
-0.14167
-0.106562
-0.0711887
-0.0356387
-8.76684e-17
0
-0.0338617
-0.0676391
-0.101248
-0.134606
-0.167629
-0.200235
-0.232344
-0.263874
-0.294749
-0.324891
-0.354225
-0.382679
-0.410181
-0.436663
-0.46206
-0.486308
-0.509347
-0.531119
-0.551571
-0.570652
-0.588314
-0.604514
-0.619211
-0.632368
-0.643953
-0.653937
-0.662295
-0.669007
-0.674055
-0.677428
-0.679116
-0.679116
-0.677428
-0.674055
-0.669007
-0.662295
-0.653937
-0.643953
-0.632368
-0.619211
-0.604514
-0.588314
-0.570652
-0.551571
-0.531119
-0.509347
-0.486308
-0.46206
-0.436663
-0.410181
-0.382679
-0.354225
-0.324891
-0.294749
-0.263874
-0.232344
-0.200235
-0.167629
-0.134606
-0.101248
-0.0676391
-0.0338617
-8.32971e-17
0
-0.0320005
-0.0639214
-0.0956834
-0.127208
-0.158415
-0.189229
-0.219573
-0.249371
-0.278548
-0.307034
-0.334755
-0.361645
-0.387635
-0.412662
-0.436663
-0.459578
-0.481351
-0.501927
-0.521255
-0.539287
-0.555978
-0.571287
-0.585176
-0.59761
-0.608558
-0.617994
-0.625892
-0.632235
-0.637006
-0.640193
-0.641789
-0.641789
-0.640193
-0.637006
-0.632235
-0.625892
-0.617994
-0.608558
-0.59761
-0.585176
-0.571287
-0.555978
-0.539287
-0.521255
-0.501927
-0.481351
-0.459578
-0.436663
-0.412662
-0.387635
-0.361645
-0.334755
-0.307034
-0.278548
-0.249371
-0.219573
-0.189229
-0.158415
-0.127208
-0.0956834
-0.0639214
-0.0320005
-7.87188e-17
0
-0.0300597
-0.0600448
-0.0898805
-0.119493
-0.148808
-0.177753
-0.206257
-0.234247
-0.261655
-0.288413
-0.314453
-0.339712
-0.364126
-0.387635
-0.410181
-0.431706
-0.452158
-0.471486
-0.489642
-0.506581
-0.52226
-0.53664
-0.549687
-0.561367
-0.571651
-0.580514
-0.587934
-0.593892
-0.598374
-0.601367
-0.602866
-0.602866
-0.601367
-0.598374
-0.593892
-0.587934
-0.580514
-0.571651
-0.561367
-0.549687
-0.53664
-0.52226
-0.506581
-0.489642
-0.471486
-0.452158
-0.431706
-0.410181
-0.387635
-0.364126
-0.339712
-0.314453
-0.288413
-0.261655
-0.234247
-0.206257
-0.177753
-0.148808
-0.119493
-0.0898805
-0.0600448
-0.0300597
-7.39447e-17
0
-0.0280443
-0.0560188
-0.0838541
-0.111481
-0.138831
-0.165835
-0.192427
-0.218541
-0.244112
-0.269075
-0.29337
-0.316935
-0.339712
-0.361645
-0.382679
-0.402761
-0.421842
-0.439874
-0.456812
-0.472615
-0.487243
-0.500659
-0.512831
-0.523728
-0.533323
-0.541591
-0.548514
-0.554072
-0.558253
-0.561046
-0.562445
-0.562445
-0.561046
-0.558253
-0.554072
-0.548514
-0.541591
-0.533323
-0.523728
-0.512831
-0.500659
-0.487243
-0.472615
-0.456812
-0.439874
-0.421842
-0.402761
-0.382679
-0.361645
-0.339712
-0.316935
-0.29337
-0.269075
-0.244112
-0.218541
-0.192427
-0.165835
-0.138831
-0.111481
-0.0838541
-0.0560188
-0.0280443
-6.89868e-17
0
-0.0259591
-0.0518536
-0.0776193
-0.103192
-0.128508
-0.153505
-0.17812
-0.202292
-0.225961
-0.249068
-0.271557
-0.29337
-0.314453
-0.334755
-0.354225
-0.372814
-0.390476
-0.407168
-0.422847
-0.437474
-0.451015
-0.463434
-0.4747
-0.484787
-0.493668
-0.501322
-0.50773
-0.512875
-0.516745
-0.519331
-0.520625
-0.520625
-0.519331
-0.516745
-0.512875
-0.50773
-0.501322
-0.493668
-0.484787
-0.4747
-0.463434
-0.451015
-0.437474
-0.422847
-0.407168
-0.390476
-0.372814
-0.354225
-0.334755
-0.314453
-0.29337
-0.271557
-0.249068
-0.225961
-0.202292
-0.17812
-0.153505
-0.128508
-0.103192
-0.0776193
-0.0518536
-0.0259591
-6.38574e-17
0
-0.0238094
-0.0475595
-0.0711914
-0.0946464
-0.117866
-0.140793
-0.163369
-0.18554
-0.207249
-0.228442
-0.249068
-0.269075
-0.288413
-0.307034
-0.324891
-0.34194
-0.35814
-0.373449
-0.38783
-0.401246
-0.413665
-0.425056
-0.435389
-0.444641
-0.452786
-0.459806
-0.465683
-0.470403
-0.473952
-0.476324
-0.477511
-0.477511
-0.476324
-0.473952
-0.470403
-0.465683
-0.459806
-0.452786
-0.444641
-0.435389
-0.425056
-0.413665
-0.401246
-0.38783
-0.373449
-0.35814
-0.34194
-0.324891
-0.307034
-0.288413
-0.269075
-0.249068
-0.228442
-0.207249
-0.18554
-0.163369
-0.140793
-0.117866
-0.0946464
-0.0711914
-0.0475595
-0.0238094
-5.85692e-17
0
-0.0216004
-0.0431472
-0.0645866
-0.0858655
-0.106931
-0.12773
-0.148212
-0.168326
-0.188021
-0.207249
-0.225961
-0.244112
-0.261655
-0.278548
-0.294749
-0.310217
-0.324913
-0.338802
-0.351849
-0.36402
-0.375287
-0.385621
-0.394996
-0.403389
-0.410779
-0.417148
-0.422479
-0.426761
-0.429981
-0.432133
-0.43321
-0.43321
-0.432133
-0.429981
-0.426761
-0.422479
-0.417148
-0.410779
-0.403389
-0.394996
-0.385621
-0.375287
-0.36402
-0.351849
-0.338802
-0.324913
-0.310217
-0.294749
-0.278548
-0.261655
-0.244112
-0.225961
-0.207249
-0.188021
-0.168326
-0.148212
-0.12773
-0.106931
-0.0858655
-0.0645866
-0.0431472
-0.0216004
-5.31354e-17
0
-0.0193378
-0.0386275
-0.0578212
-0.0768712
-0.09573
-0.114351
-0.132687
-0.150694
-0.168326
-0.18554
-0.202292
-0.218541
-0.234247
-0.249371
-0.263874
-0.277722
-0.290879
-0.303313
-0.314993
-0.32589
-0.335976
-0.345227
-0.35362
-0.361134
-0.36775
-0.373452
-0.378225
-0.382058
-0.384941
-0.386867
-0.387831
-0.387831
-0.386867
-0.384941
-0.382058
-0.378225
-0.373452
-0.36775
-0.361134
-0.35362
-0.345227
-0.335976
-0.32589
-0.314993
-0.303313
-0.290879
-0.277722
-0.263874
-0.249371
-0.234247
-0.218541
-0.202292
-0.18554
-0.168326
-0.150694
-0.132687
-0.114351
-0.09573
-0.0768712
-0.0578212
-0.0386275
-0.0193378
-4.75695e-17
0
-0.0170271
-0.0340119
-0.0509121
-0.0676857
-0.0842911
-0.100687
-0.116832
-0.132687
-0.148212
-0.163369
-0.17812
-0.192427
-0.206257
-0.219573
-0.232344
-0.244536
-0.256121
-0.26707
-0.277354
-0.286949
-0.29583
-0.303976
-0.311366
-0.317982
-0.323807
-0.328828
-0.33303
-0.336405
-0.338944
-0.34064
-0.341489
-0.341489
-0.34064
-0.338944
-0.336405
-0.33303
-0.328828
-0.323807
-0.317982
-0.311366
-0.303976
-0.29583
-0.286949
-0.277354
-0.26707
-0.256121
-0.244536
-0.232344
-0.219573
-0.206257
-0.192427
-0.17812
-0.163369
-0.148212
-0.132687
-0.116832
-0.100687
-0.0842911
-0.0676857
-0.0509121
-0.0340119
-0.0170271
-4.18854e-17
0
-0.0146741
-0.0293116
-0.0438764
-0.058332
-0.0726426
-0.0867726
-0.100687
-0.114351
-0.12773
-0.140793
-0.153505
-0.165835
-0.177753
-0.189229
-0.200235
-0.210743
-0.220727
-0.230162
-0.239025
-0.247294
-0.254948
-0.261968
-0.268337
-0.274039
-0.279059
-0.283386
-0.287008
-0.289916
-0.292104
-0.293566
-0.294297
-0.294297
-0.293566
-0.292104
-0.289916
-0.287008
-0.283386
-0.279059
-0.274039
-0.268337
-0.261968
-0.254948
-0.247294
-0.239025
-0.230162
-0.220727
-0.210743
-0.200235
-0.189229
-0.177753
-0.165835
-0.153505
-0.140793
-0.12773
-0.114351
-0.100687
-0.0867726
-0.0726426
-0.058332
-0.0438764
-0.0293116
-0.0146741
-3.60971e-17
0
-0.0122845
-0.0245386
-0.0367316
-0.0488332
-0.0608135
-0.0726426
-0.0842911
-0.09573
-0.106931
-0.117866
-0.128508
-0.138831
-0.148808
-0.158415
-0.167629
-0.176426
-0.184784
-0.192683
-0.200103
-0.207025
-0.213432
-0.219309
-0.224641
-0.229414
-0.233617
-0.237239
-0.240272
-0.242706
-0.244538
-0.245761
-0.246374
-0.246374
-0.245761
-0.244538
-0.242706
-0.240272
-0.237239
-0.233617
-0.229414
-0.224641
-0.219309
-0.213432
-0.207025
-0.200103
-0.192683
-0.184784
-0.176426
-0.167629
-0.158415
-0.148808
-0.138831
-0.128508
-0.117866
-0.106931
-0.09573
-0.0842911
-0.0726426
-0.0608135
-0.0488332
-0.0367316
-0.0245386
-0.0122845
-3.02191e-17
0
-0.00986449
-0.0197045
-0.0294954
-0.0392131
-0.0488332
-0.058332
-0.0676857
-0.0768712
-0.0858655
-0.0946464
-0.103192
-0.111481
-0.119493
-0.127208
-0.134606
-0.14167
-0.148382
-0.154724
-0.160682
-0.166241
-0.171386
-0.176105
-0.180387
-0.18422
-0.187595
-0.190503
-0.192938
-0.194893
-0.196364
-0.197346
-0.197838
-0.197838
-0.197346
-0.196364
-0.194893
-0.192938
-0.190503
-0.187595
-0.18422
-0.180387
-0.176105
-0.171386
-0.166241
-0.160682
-0.154724
-0.148382
-0.14167
-0.134606
-0.127208
-0.119493
-0.111481
-0.103192
-0.0946464
-0.0858655
-0.0768712
-0.0676857
-0.058332
-0.0488332
-0.0392131
-0.0294954
-0.0197045
-0.00986449
-2.42659e-17
0
-0.00741991
-0.0148214
-0.022186
-0.0294954
-0.0367316
-0.0438764
-0.0509121
-0.0578212
-0.0645866
-0.0711914
-0.0776193
-0.0838541
-0.0898805
-0.0956834
-0.101248
-0.106562
-0.11161
-0.116381
-0.120863
-0.125044
-0.128914
-0.132464
-0.135684
-0.138567
-0.141106
-0.143293
-0.145125
-0.146595
-0.147702
-0.148441
-0.148811
-0.148811
-0.148441
-0.147702
-0.146595
-0.145125
-0.143293
-0.141106
-0.138567
-0.135684
-0.132464
-0.128914
-0.125044
-0.120863
-0.116381
-0.11161
-0.106562
-0.101248
-0.0956834
-0.0898805
-0.0838541
-0.0776193
-0.0711914
-0.0645866
-0.0578212
-0.0509121
-0.0438764
-0.0367316
-0.0294954
-0.022186
-0.0148214
-0.00741991
-1.82524e-17
0
-0.00495688
-0.00990143
-0.0148214
-0.0197045
-0.0245386
-0.0293116
-0.0340119
-0.0386275
-0.0431472
-0.0475595
-0.0518536
-0.0560188
-0.0600448
-0.0639214
-0.0676391
-0.0711887
-0.0745613
-0.0777485
-0.0807424
-0.0835356
-0.0861211
-0.0884925
-0.0906438
-0.0925699
-0.0942657
-0.0957273
-0.0969508
-0.0979333
-0.0986723
-0.099166
-0.0994131
-0.0994131
-0.099166
-0.0986723
-0.0979333
-0.0969508
-0.0957273
-0.0942657
-0.0925699
-0.0906438
-0.0884925
-0.0861211
-0.0835356
-0.0807424
-0.0777485
-0.0745613
-0.0711887
-0.0676391
-0.0639214
-0.0600448
-0.0560188
-0.0518536
-0.0475595
-0.0431472
-0.0386275
-0.0340119
-0.0293116
-0.0245386
-0.0197045
-0.0148214
-0.00990143
-0.00495688
-1.21935e-17
0
-0.00248152
-0.00495688
-0.00741991
-0.00986449
-0.0122845
-0.0146741
-0.0170271
-0.0193378
-0.0216004
-0.0238094
-0.0259591
-0.0280443
-0.0300597
-0.0320005
-0.0338617
-0.0356387
-0.037327
-0.0389226
-0.0404214
-0.0418198
-0.0431141
-0.0443013
-0.0453783
-0.0463425
-0.0471915
-0.0479232
-0.0485357
-0.0490276
-0.0493975
-0.0496447
-0.0497684
-0.0497684
-0.0496447
-0.0493975
-0.0490276
-0.0485357
-0.0479232
-0.0471915
-0.0463425
-0.0453783
-0.0443013
-0.0431141
-0.0418198
-0.0404214
-0.0389226
-0.037327
-0.0356387
-0.0338617
-0.0320005
-0.0300597
-0.0280443
-0.0259591
-0.0238094
-0.0216004
-0.0193378
-0.0170271
-0.0146741
-0.0122845
-0.00986449
-0.00741991
-0.00495688
-0.00248152
-6.10436e-18
0
-6.10436e-18
-1.21935e-17
-1.82524e-17
-2.42659e-17
-3.02191e-17
-3.60971e-17
-4.18854e-17
-4.75695e-17
-5.31354e-17
-5.85692e-17
-6.38574e-17
-6.89868e-17
-7.39447e-17
-7.87188e-17
-8.32971e-17
-8.76684e-17
-9.18217e-17
-9.57467e-17
-9.94337e-17
-1.02874e-16
-1.06058e-16
-1.08978e-16
-1.11627e-16
-1.13999e-16
-1.16088e-16
-1.17887e-16
-1.19394e-16
-1.20604e-16
-1.21514e-16
-1.22122e-16
-1.22427e-16
-1.22427e-16
-1.22122e-16
-1.21514e-16
-1.20604e-16
-1.19394e-16
-1.17887e-16
-1.16088e-16
-1.13999e-16
-1.11627e-16
-1.08978e-16
-1.06058e-16
-1.02874e-16
-9.94337e-17
-9.57467e-17
-9.18217e-17
-8.76684e-17
-8.32971e-17
-7.87188e-17
-7.39447e-17
-6.89868e-17
-6.38574e-17
-5.85692e-17
-5.31354e-17
-4.75695e-17
-4.18854e-17
-3.60971e-17
-3.02191e-17
-2.42659e-17
-1.82524e-17
-1.21935e-17
-6.10436e-18
-1.49976e-32
