64
0
0
0
0
0
0
0
0
0
0
0
0
0
0
0
0
0
0
0
0
0
0
0
0
0
0
0
0
0
0
0
0
0
0
0
0
0
0
0
0
0
0
0
0
0
0
0
0
0
0
0
0
0
0
0
0
0
0
0
0
0
0
0
0
0
-0.00245084
-0.00489559
-0.00732817
-0.00974252
-0.0121327
-0.0144926
-0.0168166
-0.0190987
-0.0213334
-0.023515
-0.0256381
-0.0276975
-0.0296881
-0.0316048
-0.033443
-0.035198
-0.0368655
-0.0384414
-0.0399217
-0.0413027
-0.0425811
-0.0437536
-0.0448173
-0.0457696
-0.0466081
-0.0473307
-0.0479356
-0.0484214
-0.0487868
-0.0490309
-0.0491531
-0.0491531
-0.0490309
-0.0487868
-0.0484214
-0.0479356
-0.0473307
-0.0466081
-0.0457696
-0.0448173
-0.0437536
-0.0425811
-0.0413027
-0.0399217
-0.0384414
-0.0368655
-0.035198
-0.033443
-0.0316048
-0.0296881
-0.0276975
-0.0256381
-0.023515
-0.0213334
-0.0190987
-0.0168166
-0.0144926
-0.0121327
-0.00974252
-0.00732817
-0.00489559
-0.00245084
-6.10436e-18
0
-0.00489559
-0.00977901
-0.0146381
-0.0194608
-0.0242352
-0.0289492
-0.0335913
-0.0381499
-0.0426137
-0.0469715
-0.0512125
-0.0553262
-0.0593024
-0.0631311
-0.0668028
-0.0703085
-0.0736394
-0.0767872
-0.0797441
-0.0825027
-0.0850563
-0.0873983
-0.0895231
-0.0914253
-0.0931002
-0.0945437
-0.0957521
-0.0967224
-0.0974523
-0.0979399
-0.098184
-0.098184
-0.0979399
-0.0974523
-0.0967224
-0.0957521
-0.0945437
-0.0931002
-0.0914253
-0.0895231
-0.0873983
-0.0850563
-0.0825027
-0.0797441
-0.0767872
-0.0736394
-0.0703085
-0.0668028
-0.0631311
-0.0593024
-0.0553262
-0.0512125
-0.0469715
-0.0426137
-0.0381499
-0.0335913
-0.0289492
-0.0242352
-0.0194608
-0.0146381
-0.00977901
-0.00489559
-1.21935e-17
0
-0.00732817
-0.0146381
-0.0219117
-0.0291307
-0.0362774
-0.0433339
-0.0502826
-0.0571063
-0.0637881
-0.0703112
-0.0766596
-0.0828173
-0.0887692
-0.0945004
-0.0999966
-0.105244
-0.11023
-0.114942
-0.119368
-0.123498
-0.12732
-0.130826
-0.134006
-0.136854
-0.139361
-0.141522
-0.14333
-0.144783
-0.145876
-0.146605
-0.146971
-0.146971
-0.146605
-0.145876
-0.144783
-0.14333
-0.141522
-0.139361
-0.136854
-0.134006
-0.130826
-0.12732
-0.123498
-0.119368
-0.114942
-0.11023
-0.105244
-0.0999966
-0.0945004
-0.0887692
-0.0828173
-0.0766596
-0.0703112
-0.0637881
-0.0571063
-0.0502826
-0.0433339
-0.0362774
-0.0291307
-0.0219117
-0.0146381
-0.00732817
-1.82524e-17
0
-0.00974252
-0.0194608
-0.0291307
-0.0387282
-0.0482295
-0.0576108
-0.0668488
-0.0759207
-0.0848039
-0.0934761
-0.101916
-0.110103
-0.118015
-0.125635
-0.132942
-0.139918
-0.146547
-0.152811
-0.158696
-0.164186
-0.169267
-0.173928
-0.178156
-0.181942
-0.185275
-0.188148
-0.190553
-0.192484
-0.193936
-0.194906
-0.195392
-0.195392
-0.194906
-0.193936
-0.192484
-0.190553
-0.188148
-0.185275
-0.181942
-0.178156
-0.173928
-0.169267
-0.164186
-0.158696
-0.152811
-0.146547
-0.139918
-0.132942
-0.125635
-0.118015
-0.110103
-0.101916
-0.0934761
-0.0848039
-0.0759207
-0.0668488
-0.0576108
-0.0482295
-0.0387282
-0.0291307
-0.0194608
-0.00974252
-2.42659e-17
0
-0.0121327
-0.0242352
-0.0362774
-0.0482295
-0.0600616
-0.0717444
-0.0832489
-0.0945464
-0.105609
-0.116409
-0.126919
-0.137114
-0.146968
-0.156457
-0.165556
-0.174244
-0.182499
-0.1903
-0.197629
-0.204465
-0.210794
-0.216598
-0.221864
-0.226578
-0.230729
-0.234306
-0.237301
-0.239706
-0.241514
-0.242723
-0.243328
-0.243328
-0.242723
-0.241514
-0.239706
-0.237301
-0.234306
-0.230729
-0.226578
-0.221864
-0.216598
-0.210794
-0.204465
-0.197629
-0.1903
-0.182499
-0.174244
-0.165556
-0.156457
-0.146968
-0.137114
-0.126919
-0.116409
-0.105609
-0.0945464
-0.0832489
-0.0717444
-0.0600616
-0.0482295
-0.0362774
-0.0242352
-0.0121327
-3.02191e-17
0
-0.0144926
-0.0289492
-0.0433339
-0.0576108
-0.0717444
-0.0856997
-0.099442
-0.112937
-0.126151
-0.139052
-0.151607
-0.163785
-0.175555
-0.18689
-0.197759
-0.208137
-0.217998
-0.227317
-0.23607
-0.244237
-0.251796
-0.258729
-0.265019
-0.27065
-0.275609
-0.279882
-0.283459
-0.286332
-0.288492
-0.289936
-0.290658
-0.290658
-0.289936
-0.288492
-0.286332
-0.283459
-0.279882
-0.275609
-0.27065
-0.265019
-0.258729
-0.251796
-0.244237
-0.23607
-0.227317
-0.217998
-0.208137
-0.197759
-0.18689
-0.175555
-0.163785
-0.151607
-0.139052
-0.126151
-0.112937
-0.099442
-0.0856997
-0.0717444
-0.0576108
-0.0433339
-0.0289492
-0.0144926
-3.60971e-17
0
-0.0168166
-0.0335913
-0.0502826
-0.0668488
-0.0832489
-0.099442
-0.115388
-0.131047
-0.14638
-0.161349
-0.175917
-0.190048
-0.203706
-0.216858
-0.229471
-0.241513
-0.252955
-0.263768
-0.273925
-0.283401
-0.292172
-0.300217
-0.307516
-0.31405
-0.319804
-0.324762
-0.328913
-0.332246
-0.334753
-0.336428
-0.337267
-0.337267
-0.336428
-0.334753
-0.332246
-0.328913
-0.324762
-0.319804
-0.31405
-0.307516
-0.300217
-0.292172
-0.283401
-0.273925
-0.263768
-0.252955
-0.241513
-0.229471
-0.216858
-0.203706
-0.190048
-0.175917
-0.161349
-0.14638
-0.131047
-0.115388
-0.099442
-0.0832489
-0.0668488
-0.0502826
-0.0335913
-0.0168166
-4.18854e-17
0
-0.0190987
-0.0381499
-0.0571063
-0.0759207
-0.0945464
-0.112937
-0.131047
-0.148831
-0.166245
-0.183245
-0.199791
-0.215839
-0.231351
-0.246287
-0.260612
-0.274288
-0.287283
-0.299563
-0.311098
-0.32186
-0.331822
-0.340959
-0.349248
-0.356669
-0.363203
-0.368834
-0.373549
-0.377334
-0.380182
-0.382084
-0.383036
-0.383036
-0.382084
-0.380182
-0.377334
-0.373549
-0.368834
-0.363203
-0.356669
-0.349248
-0.340959
-0.331822
-0.32186
-0.311098
-0.299563
-0.287283
-0.274288
-0.260612
-0.246287
-0.231351
-0.215839
-0.199791
-0.183245
-0.166245
-0.148831
-0.131047
-0.112937
-0.0945464
-0.0759207
-0.0571063
-0.0381499
-0.0190987
-4.75695e-17
0
-0.0213334
-0.0426137
-0.0637881
-0.0848039
-0.105609
-0.126151
-0.14638
-0.166245
-0.185696
-0.204686
-0.223167
-0.241093
-0.25842
-0.275104
-0.291105
-0.306381
-0.320896
-0.334613
-0.347498
-0.35952
-0.370647
-0.380853
-0.390112
-0.398401
-0.4057
-0.41199
-0.417256
-0.421484
-0.424665
-0.42679
-0.427853
-0.427853
-0.42679
-0.424665
-0.421484
-0.417256
-0.41199
-0.4057
-0.398401
-0.390112
-0.380853
-0.370647
-0.35952
-0.347498
-0.334613
-0.320896
-0.306381
-0.291105
-0.275104
-0.25842
-0.241093
-0.223167
-0.204686
-0.185696
-0.166245
-0.14638
-0.126151
-0.105609
-0.0848039
-0.0637881
-0.0426137
-0.0213334
-5.31354e-17
0
-0.023515
-0.0469715
-0.0703112
-0.0934761
-0.116409
-0.139052
-0.161349
-0.183245
-0.204686
-0.225618
-0.245989
-0.265748
-0.284847
-0.303237
-0.320874
-0.337713
-0.353712
-0.368832
-0.383035
-0.396285
-0.408551
-0.4198
-0.430006
-0.439143
-0.447188
-0.454121
-0.459926
-0.464587
-0.468092
-0.470434
-0.471607
-0.471607
-0.470434
-0.468092
-0.464587
-0.459926
-0.454121
-0.447188
-0.439143
-0.430006
-0.4198
-0.408551
-0.396285
-0.383035
-0.368832
-0.353712
-0.337713
-0.320874
-0.303237
-0.284847
-0.265748
-0.245989
-0.225618
-0.204686
-0.183245
-0.161349
-0.139052
-0.116409
-0.0934761
-0.0703112
-0.0469715
-0.023515
-5.85692e-17
0
-0.0256381
-0.0512125
-0.0766596
-0.101916
-0.126919
-0.151607
-0.175917
-0.199791
-0.223167
-0.245989
-0.268199
-0.289742
-0.310566
-0.330616
-0.349845
-0.368205
-0.385648
-0.402133
-0.417619
-0.432066
-0.445438
-0.457704
-0.468831
-0.478793
-0.487564
-0.495124
-0.501452
-0.506534
-0.510356
-0.51291
-0.514188
-0.514188
-0.51291
-0.510356
-0.506534
-0.501452
-0.495124
-0.487564
-0.478793
-0.468831
-0.457704
-0.445438
-0.432066
-0.417619
-0.402133
-0.385648
-0.368205
-0.349845
-0.330616
-0.310566
-0.289742
-0.268199
-0.245989
-0.223167
-0.199791
-0.175917
-0.151607
-0.126919
-0.101916
-0.0766596
-0.0512125
-0.0256381
-6.38574e-17
0
-0.0276975
-0.0553262
-0.0828173
-0.110103
-0.137114
-0.163785
-0.190048
-0.215839
-0.241093
-0.265748
-0.289742
-0.313016
-0.335512
-0.357174
-0.377947
-0.397781
-0.416626
-0.434435
-0.451164
-0.466772
-0.481219
-0.494469
-0.50649
-0.517252
-0.526729
-0.534895
-0.541732
-0.547222
-0.551351
-0.55411
-0.555491
-0.555491
-0.55411
-0.551351
-0.547222
-0.541732
-0.534895
-0.526729
-0.517252
-0.50649
-0.494469
-0.481219
-0.466772
-0.451164
-0.434435
-0.416626
-0.397781
-0.377947
-0.357174
-0.335512
-0.313016
-0.289742
-0.265748
-0.241093
-0.215839
-0.190048
-0.163785
-0.137114
-0.110103
-0.0828173
-0.0553262
-0.0276975
-6.89868e-17
0
-0.0296881
-0.0593024
-0.0887692
-0.118015
-0.146968
-0.175555
-0.203706
-0.231351
-0.25842
-0.284847
-0.310566
-0.335512
-0.359624
-0.382843
-0.405109
-0.426369
-0.446568
-0.465657
-0.483588
-0.500317
-0.515803
-0.530005
-0.542891
-0.554426
-0.564583
-0.573337
-0.580665
-0.586549
-0.590975
-0.593932
-0.595412
-0.595412
-0.593932
-0.590975
-0.586549
-0.580665
-0.573337
-0.564583
-0.554426
-0.542891
-0.530005
-0.515803
-0.500317
-0.483588
-0.465657
-0.446568
-0.426369
-0.405109
-0.382843
-0.359624
-0.335512
-0.310566
-0.284847
-0.25842
-0.231351
-0.203706
-0.175555
-0.146968
-0.118015
-0.0887692
-0.0593024
-0.0296881
-7.39447e-17
0
-0.0316048
-0.0631311
-0.0945004
-0.125635
-0.156457
-0.18689
-0.216858
-0.246287
-0.275104
-0.303237
-0.330616
-0.357174
-0.382843
-0.40756
-0.431264
-0.453896
-0.475399
-0.495721
-0.51481
-0.532619
-0.549104
-0.564224
-0.577941
-0.590221
-0.601034
-0.610353
-0.618154
-0.624418
-0.62913
-0.632278
-0.633854
-0.633854
-0.632278
-0.62913
-0.624418
-0.618154
-0.610353
-0.601034
-0.590221
-0.577941
-0.564224
-0.549104
-0.532619
-0.51481
-0.495721
-0.475399
-0.453896
-0.431264
-0.40756
-0.382843
-0.357174
-0.330616
-0.303237
-0.275104
-0.246287
-0.216858
-0.18689
-0.156457
-0.125635
-0.0945004
-0.0631311
-0.0316048
-7.87188e-17
0
-0.033443
-0.0668028
-0.0999966
-0.132942
-0.165556
-0.197759
-0.229471
-0.260612
-0.291105
-0.320874
-0.349845
-0.377947
-0.405109
-0.431264
-0.456347
-0.480295
-0.503049
-0.524552
-0.544752
-0.563597
-0.581041
-0.59704
-0.611555
-0.624549
-0.635991
-0.645851
-0.654106
-0.660735
-0.665721
-0.669052
-0.670719
-0.670719
-0.669052
-0.665721
-0.660735
-0.654106
-0.645851
-0.635991
-0.624549
-0.611555
-0.59704
-0.581041
-0.563597
-0.544752
-0.524552
-0.503049
-0.480295
-0.456347
-0.431264
-0.405109
-0.377947
-0.349845
-0.320874
-0.291105
-0.260612
-0.229471
-0.197759
-0.165556
-0.132942
-0.0999966
-0.0668028
-0.033443
-8.32971e-17
0
-0.035198
-0.0703085
-0.105244
-0.139918
-0.174244
-0.208137
-0.241513
-0.274288
-0.306381
-0.337713
-0.368205
-0.397781
-0.426369
-0.453896
-0.480295
-0.5055
-0.529448
-0.55208
-0.573339
-0.593173
-0.611532
-0.628371
-0.643648
-0.657324
-0.669366
-0.679744
-0.688432
-0.695409
-0.700657
-0.704162
-0.705917
-0.705917
-0.704162
-0.700657
-0.695409
-0.688432
-0.679744
-0.669366
-0.657324
-0.643648
-0.628371
-0.611532
-0.593173
-0.573339
-0.55208
-0.529448
-0.5055
-0.480295
-0.453896
-0.426369
-0.397781
-0.368205
-0.337713
-0.306381
-0.274288
-0.241513
-0.208137
-0.174244
-0.139918
-0.105244
-0.0703085
-0.035198
-8.76684e-17
0
-0.0368655
-0.0736394
-0.11023
-0.146547
-0.182499
-0.217998
-0.252955
-0.287283
-0.320896
-0.353712
-0.385648
-0.416626
-0.446568
-0.475399
-0.503049
-0.529448
-0.554531
-0.578235
-0.600501
-0.621275
-0.640504
-0.65814
-0.674141
-0.688465
-0.701078
-0.711947
-0.721047
-0.728354
-0.73385
-0.737522
-0.73936
-0.73936
-0.737522
-0.73385
-0.728354
-0.721047
-0.711947
-0.701078
-0.688465
-0.674141
-0.65814
-0.640504
-0.621275
-0.600501
-0.578235
-0.554531
-0.529448
-0.503049
-0.475399
-0.446568
-0.416626
-0.385648
-0.353712
-0.320896
-0.287283
-0.252955
-0.217998
-0.182499
-0.146547
-0.11023
-0.0736394
-0.0368655
-9.18217e-17
0
-0.0384414
-0.0767872
-0.114942
-0.152811
-0.1903
-0.227317
-0.263768
-0.299563
-0.334613
-0.368832
-0.402133
-0.434435
-0.465657
-0.495721
-0.524552
-0.55208
-0.578235
-0.602952
-0.626171
-0.647832
-0.667883
-0.686273
-0.702958
-0.717894
-0.731046
-0.74238
-0.751869
-0.759488
-0.76522
-0.769048
-0.770965
-0.770965
-0.769048
-0.76522
-0.759488
-0.751869
-0.74238
-0.731046
-0.717894
-0.702958
-0.686273
-0.667883
-0.647832
-0.626171
-0.602952
-0.578235
-0.55208
-0.524552
-0.495721
-0.465657
-0.434435
-0.402133
-0.368832
-0.334613
-0.299563
-0.263768
-0.227317
-0.1903
-0.152811
-0.114942
-0.0767872
-0.0384414
-9.57467e-17
0
-0.0399217
-0.0797441
-0.119368
-0.158696
-0.197629
-0.23607
-0.273925
-0.311098
-0.347498
-0.383035
-0.417619
-0.451164
-0.483588
-0.51481
-0.544752
-0.573339
-0.600501
-0.626171
-0.650283
-0.672779
-0.693602
-0.7127
-0.730027
-0.745539
-0.759197
-0.770968
-0.780822
-0.788735
-0.794686
-0.798663
-0.800653
-0.800653
-0.798663
-0.794686
-0.788735
-0.780822
-0.770968
-0.759197
-0.745539
-0.730027
-0.7127
-0.693602
-0.672779
-0.650283
-0.626171
-0.600501
-0.573339
-0.544752
-0.51481
-0.483588
-0.451164
-0.417619
-0.383035
-0.347498
-0.311098
-0.273925
-0.23607
-0.197629
-0.158696
-0.119368
-0.0797441
-0.0399217
-9.94337e-17
0
-0.0413027
-0.0825027
-0.123498
-0.164186
-0.204465
-0.244237
-0.283401
-0.32186
-0.35952
-0.396285
-0.432066
-0.466772
-0.500317
-0.532619
-0.563597
-0.593173
-0.621275
-0.647832
-0.672779
-0.696052
-0.717596
-0.737355
-0.755281
-0.77133
-0.78546
-0.797638
-0.807833
-0.81602
-0.822178
-0.826291
-0.828351
-0.828351
-0.826291
-0.822178
-0.81602
-0.807833
-0.797638
-0.78546
-0.77133
-0.755281
-0.737355
-0.717596
-0.696052
-0.672779
-0.647832
-0.621275
-0.593173
-0.563597
-0.532619
-0.500317
-0.466772
-0.432066
-0.396285
-0.35952
-0.32186
-0.283401
-0.244237
-0.204465
-0.164186
-0.123498
-0.0825027
-0.0413027
-1.02874e-16
0
-0.0425811
-0.0850563
-0.12732
-0.169267
-0.210794
-0.251796
-0.292172
-0.331822
-0.370647
-0.408551
-0.445438
-0.481219
-0.515803
-0.549104
-0.581041
-0.611532
-0.640504
-0.667883
-0.693602
-0.717596
-0.739806
-0.760177
-0.778658
-0.795203
-0.809771
-0.822326
-0.832836
-0.841276
-0.847625
-0.851866
-0.853989
-0.853989
-0.851866
-0.847625
-0.841276
-0.832836
-0.822326
-0.809771
-0.795203
-0.778658
-0.760177
-0.739806
-0.717596
-0.693602
-0.667883
-0.640504
-0.611532
-0.581041
-0.549104
-0.515803
-0.481219
-0.445438
-0.408551
-0.370647
-0.331822
-0.292172
-0.251796
-0.210794
-0.169267
-0.12732
-0.0850563
-0.0425811
-1.06058e-16
0
-0.0437536
-0.0873983
-0.130826
-0.173928
-0.216598
-0.258729
-0.300217
-0.340959
-0.380853
-0.4198
-0.457704
-0.494469
-0.530005
-0.564224
-0.59704
-0.628371
-0.65814
-0.686273
-0.7127
-0.737355
-0.760177
-0.781109
-0.800099
-0.817099
-0.832069
-0.844969
-0.855769
-0.864441
-0.870964
-0.875322
-0.877504
-0.877504
-0.875322
-0.870964
-0.864441
-0.855769
-0.844969
-0.832069
-0.817099
-0.800099
-0.781109
-0.760177
-0.737355
-0.7127
-0.686273
-0.65814
-0.628371
-0.59704
-0.564224
-0.530005
-0.494469
-0.457704
-0.4198
-0.380853
-0.340959
-0.300217
-0.258729
-0.216598
-0.173928
-0.130826
-0.0873983
-0.0437536
-1.08978e-16
0
-0.0448173
-0.0895231
-0.134006
-0.178156
-0.221864
-0.265019
-0.307516
-0.349248
-0.390112
-0.430006
-0.468831
-0.50649
-0.542891
-0.577941
-0.611555
-0.643648
-0.674141
-0.702958
-0.730027
-0.755281
-0.778658
-0.800099
-0.81955
-0.836964
-0.852297
-0.865511
-0.876574
-0.885457
-0.892139
-0.896603
-0.898837
-0.898837
-0.896603
-0.892139
-0.885457
-0.876574
-0.865511
-0.852297
-0.836964
-0.81955
-0.800099
-0.778658
-0.755281
-0.730027
-0.702958
-0.674141
-0.643648
-0.611555
-0.577941
-0.542891
-0.50649
-0.468831
-0.430006
-0.390112
-0.349248
-0.307516
-0.265019
-0.221864
-0.178156
-0.134006
-0.0895231
-0.0448173
-1.11627e-16
0
-0.0457696
-0.0914253
-0.136854
-0.181942
-0.226578
-0.27065
-0.31405
-0.356669
-0.398401
-0.439143
-0.478793
-0.517252
-0.554426
-0.590221
-0.624549
-0.657324
-0.688465
-0.717894
-0.745539
-0.77133
-0.795203
-0.817099
-0.836964
-0.854748
-0.870407
-0.883902
-0.8952
-0.904271
-0.911095
-0.915654
-0.917936
-0.917936
-0.915654
-0.911095
-0.904271
-0.8952
-0.883902
-0.870407
-0.854748
-0.836964
-0.817099
-0.795203
-0.77133
-0.745539
-0.717894
-0.688465
-0.657324
-0.624549
-0.590221
-0.554426
-0.517252
-0.478793
-0.439143
-0.398401
-0.356669
-0.31405
-0.27065
-0.226578
-0.181942
-0.136854
-0.0914253
-0.0457696
-1.13999e-16
0
-0.0466081
-0.0931002
-0.139361
-0.185275
-0.230729
-0.275609
-0.319804
-0.363203
-0.4057
-0.447188
-0.487564
-0.526729
-0.564583
-0.601034
-0.635991
-0.669366
-0.701078
-0.731046
-0.759197
-0.78546
-0.809771
-0.832069
-0.852297
-0.870407
-0.886353
-0.900095
-0.9116
-0.920838
-0.927786
-0.932429
-0.934752
-0.934752
-0.932429
-0.927786
-0.920838
-0.9116
-0.900095
-0.886353
-0.870407
-0.852297
-0.832069
-0.809771
-0.78546
-0.759197
-0.731046
-0.701078
-0.669366
-0.635991
-0.601034
-0.564583
-0.526729
-0.487564
-0.447188
-0.4057
-0.363203
-0.319804
-0.275609
-0.230729
-0.185275
-0.139361
-0.0931002
-0.0466081
-1.16088e-16
0
-0.0473307
-0.0945437
-0.141522
-0.188148
-0.234306
-0.279882
-0.324762
-0.368834
-0.41199
-0.454121
-0.495124
-0.534895
-0.573337
-0.610353
-0.645851
-0.679744
-0.711947
-0.74238
-0.770968
-0.797638
-0.822326
-0.844969
-0.865511
-0.883902
-0.900095
-0.91405
-0.925733
-0.935115
-0.942171
-0.946885
-0.949245
-0.949245
-0.946885
-0.942171
-0.935115
-0.925733
-0.91405
-0.900095
-0.883902
-0.865511
-0.844969
-0.822326
-0.797638
-0.770968
-0.74238
-0.711947
-0.679744
-0.645851
-0.610353
-0.573337
-0.534895
-0.495124
-0.454121
-0.41199
-0.368834
-0.324762
-0.279882
-0.234306
-0.188148
-0.141522
-0.0945437
-0.0473307
-1.17887e-16
0
-0.0479356
-0.0957521
-0.14333
-0.190553
-0.237301
-0.283459
-0.328913
-0.373549
-0.417256
-0.459926
-0.501452
-0.541732
-0.580665
-0.618154
-0.654106
-0.688432
-0.721047
-0.751869
-0.780822
-0.807833
-0.832836
-0.855769
-0.876574
-0.8952
-0.9116
-0.925733
-0.937565
-0.947067
-0.954213
-0.958988
-0.961378
-0.961378
-0.958988
-0.954213
-0.947067
-0.937565
-0.925733
-0.9116
-0.8952
-0.876574
-0.855769
-0.832836
-0.807833
-0.780822
-0.751869
-0.721047
-0.688432
-0.654106
-0.618154
-0.580665
-0.541732
-0.501452
-0.459926
-0.417256
-0.373549
-0.328913
-0.283459
-0.237301
-0.190553
-0.14333
-0.0957521
-0.0479356
-1.19394e-16
0
-0.0484214
-0.0967224
-0.144783
-0.192484
-0.239706
-0.286332
-0.332246
-0.377334
-0.421484
-0.464587
-0.506534
-0.547222
-0.586549
-0.624418
-0.660735
-0.695409
-0.728354
-0.759488
-0.788735
-0.81602
-0.841276
-0.864441
-0.885457
-0.904271
-0.920838
-0.935115
-0.947067
-0.956664
-0.963883
-0.968706
-0.97112
-0.97112
-0.968706
-0.963883
-0.956664
-0.947067
-0.935115
-0.920838
-0.904271
-0.885457
-0.864441
-0.841276
-0.81602
-0.788735
-0.759488
-0.728354
-0.695409
-0.660735
-0.624418
-0.586549
-0.547222
-0.506534
-0.464587
-0.421484
-0.377334
-0.332246
-0.286332
-0.239706
-0.192484
-0.144783
-0.0967224
-0.0484214
-1.20604e-16
0
-0.0487868
-0.0974523
-0.145876
-0.193936
-0.241514
-0.288492
-0.334753
-0.380182
-0.424665
-0.468092
-0.510356
-0.551351
-0.590975
-0.62913
-0.665721
-0.700657
-0.73385
-0.76522
-0.794686
-0.822178
-0.847625
-0.870964
-0.892139
-0.911095
-0.927786
-0.942171
-0.954213
-0.963883
-0.971157
-0.976016
-0.978448
-0.978448
-0.976016
-0.971157
-0.963883
-0.954213
-0.942171
-0.927786
-0.911095
-0.892139
-0.870964
-0.847625
-0.822178
-0.794686
-0.76522
-0.73385
-0.700657
-0.665721
-0.62913
-0.590975
-0.551351
-0.510356
-0.468092
-0.424665
-0.380182
-0.334753
-0.288492
-0.241514
-0.193936
-0.145876
-0.0974523
-0.0487868
-1.21514e-16
0
-0.0490309
-0.0979399
-0.146605
-0.194906
-0.242723
-0.289936
-0.336428
-0.382084
-0.42679
-0.470434
-0.51291
-0.55411
-0.593932
-0.632278
-0.669052
-0.704162
-0.737522
-0.769048
-0.798663
-0.826291
-0.851866
-0.875322
-0.896603
-0.915654
-0.932429
-0.946885
-0.958988
-0.968706
-0.976016
-0.980899
-0.983344
-0.983344
-0.980899
-0.976016
-0.968706
-0.958988
-0.946885
-0.932429
-0.915654
-0.896603
-0.875322
-0.851866
-0.826291
-0.798663
-0.769048
-0.737522
-0.704162
-0.669052
-0.632278
-0.593932
-0.55411
-0.51291
-0.470434
-0.42679
-0.382084
-0.336428
-0.289936
-0.242723
-0.194906
-0.146605
-0.0979399
-0.0490309
-1.22122e-16
0
-0.0491531
-0.098184
-0.146971
-0.195392
-0.243328
-0.290658
-0.337267
-0.383036
-0.427853
-0.471607
-0.514188
-0.555491
-0.595412
-0.633854
-0.670719
-0.705917
-0.73936
-0.770965
-0.800653
-0.828351
-0.853989
-0.877504
-0.898837
-0.917936
-0.934752
-0.949245
-0.961378
-0.97112
-0.978448
-0.983344
-0.985795
-0.985795
-0.983344
-0.978448
-0.97112
-0.961378
-0.949245
-0.934752
-0.917936
-0.898837
-0.877504
-0.853989
-0.828351
-0.800653
-0.770965
-0.73936
-0.705917
-0.670719
-0.633854
-0.595412
-0.555491
-0.514188
-0.471607
-0.427853
-0.383036
-0.337267
-0.290658
-0.243328
-0.195392
-0.146971
-0.098184
-0.0491531
-1.22427e-16
0
-0.0491531
-0.098184
-0.146971
-0.195392
-0.243328
-0.290658
-0.337267
-0.383036
-0.427853
-0.471607
-0.514188
-0.555491
-0.595412
-0.633854
-0.670719
-0.705917
-0.73936
-0.770965
-0.800653
-0.828351
-0.853989
-0.877504
-0.898837
-0.917936
-0.934752
-0.949245
-0.961378
-0.97112
-0.978448
-0.983344
-0.985795
-0.985795
-0.983344
-0.978448
-0.97112
-0.961378
-0.949245
-0.934752
-0.917936
-0.898837
-0.877504
-0.853989
-0.828351
-0.800653
-0.770965
-0.73936
-0.705917
-0.670719
-0.633854
-0.595412
-0.555491
-0.514188
-0.471607
-0.427853
-0.383036
-0.337267
-0.290658
-0.243328
-0.195392
-0.146971
-0.098184
-0.0491531
-1.22427e-16
0
-0.0490309
-0.0979399
-0.146605
-0.194906
-0.242723
-0.289936
-0.336428
-0.382084
-0.42679
-0.470434
-0.51291
-0.55411
-0.593932
-0.632278
-0.669052
-0.704162
-0.737522
-0.769048
-0.798663
-0.826291
-0.851866
-0.875322
-0.896603
-0.915654
-0.932429
-0.946885
-0.958988
-0.968706
-0.976016
-0.980899
-0.983344
-0.983344
-0.980899
-0.976016
-0.968706
-0.958988
-0.946885
-0.932429
-0.915654
-0.896603
-0.875322
-0.851866
-0.826291
-0.798663
-0.769048
-0.737522
-0.704162
-0.669052
-0.632278
-0.593932
-0.55411
-0.51291
-0.470434
-0.42679
-0.382084
-0.336428
-0.289936
-0.242723
-0.194906
-0.146605
-0.0979399
-0.0490309
-1.22122e-16
0
-0.0487868
-0.0974523
-0.145876
-0.193936
-0.241514
-0.288492
-0.334753
-0.380182
-0.424665
-0.468092
-0.510356
-0.551351
-0.590975
-0.62913
-0.665721
-0.700657
-0.73385
-0.76522
-0.794686
-0.822178
-0.847625
-0.870964
-0.892139
-0.911095
-0.927786
-0.942171
-0.954213
-0.963883
-0.971157
-0.976016
-0.978448
-0.978448
-0.976016
-0.971157
-0.963883
-0.954213
-0.942171
-0.927786
-0.911095
-0.892139
-0.870964
-0.847625
-0.822178
-0.794686
-0.76522
-0.73385
-0.700657
-0.665721
-0.62913
-0.590975
-0.551351
-0.510356
-0.468092
-0.424665
-0.380182
-0.334753
-0.288492
-0.241514
-0.193936
-0.145876
-0.0974523
-0.0487868
-1.21514e-16
0
-0.0484214
-0.0967224
-0.144783
-0.192484
-0.239706
-0.286332
-0.332246
-0.377334
-0.421484
-0.464587
-0.506534
-0.547222
-0.586549
-0.624418
-0.660735
-0.695409
-0.728354
-0.759488
-0.788735
-0.81602
-0.841276
-0.864441
-0.885457
-0.904271
-0.920838
-0.935115
-0.947067
-0.956664
-0.963883
-0.968706
-0.97112
-0.97112
-0.968706
-0.963883
-0.956664
-0.947067
-0.935115
-0.920838
-0.904271
-0.885457
-0.864441
-0.841276
-0.81602
-0.788735
-0.759488
-0.728354
-0.695409
-0.660735
-0.624418
-0.586549
-0.547222
-0.506534
-0.464587
-0.421484
-0.377334
-0.332246
-0.286332
-0.239706
-0.192484
-0.144783
-0.0967224
-0.0484214
-1.20604e-16
0
-0.0479356
-0.0957521
-0.14333
-0.190553
-0.237301
-0.283459
-0.328913
-0.373549
-0.417256
-0.459926
-0.501452
-0.541732
-0.580665
-0.618154
-0.654106
-0.688432
-0.721047
-0.751869
-0.780822
-0.807833
-0.832836
-0.855769
-0.876574
-0.8952
-0.9116
-0.925733
-0.937565
-0.947067
-0.954213
-0.958988
-0.961378
-0.961378
-0.958988
-0.954213
-0.947067
-0.937565
-0.925733
-0.9116
-0.8952
-0.876574
-0.855769
-0.832836
-0.807833
-0.780822
-0.751869
-0.721047
-0.688432
-0.654106
-0.618154
-0.580665
-0.541732
-0.501452
-0.459926
-0.417256
-0.373549
-0.328913
-0.283459
-0.237301
-0.190553
-0.14333
-0.0957521
-0.0479356
-1.19394e-16
0
-0.0473307
-0.0945437
-0.141522
-0.188148
-0.234306
-0.279882
-0.324762
-0.368834
-0.41199
-0.454121
-0.495124
-0.534895
-0.573337
-0.610353
-0.645851
-0.679744
-0.711947
-0.74238
-0.770968
-0.797638
-0.822326
-0.844969
-0.865511
-0.883902
-0.900095
-0.91405
-0.925733
-0.935115
-0.942171
-0.946885
-0.949245
-0.949245
-0.946885
-0.942171
-0.935115
-0.925733
-0.91405
-0.900095
-0.883902
-0.865511
-0.844969
-0.822326
-0.797638
-0.770968
-0.74238
-0.711947
-0.679744
-0.645851
-0.610353
-0.573337
-0.534895
-0.495124
-0.454121
-0.41199
-0.368834
-0.324762
-0.279882
-0.234306
-0.188148
-0.141522
-0.0945437
-0.0473307
-1.17887e-16
0
-0.0466081
-0.0931002
-0.139361
-0.185275
-0.230729
-0.275609
-0.319804
-0.363203
-0.4057
-0.447188
-0.487564
-0.526729
-0.564583
-0.601034
-0.635991
-0.669366
-0.701078
-0.731046
-0.759197
-0.78546
-0.809771
-0.832069
-0.852297
-0.870407
-0.886353
-0.900095
-0.9116
-0.920838
-0.927786
-0.932429
-0.934752
-0.934752
-0.932429
-0.927786
-0.920838
-0.9116
-0.900095
-0.886353
-0.870407
-0.852297
-0.832069
-0.809771
-0.78546
-0.759197
-0.731046
-0.701078
-0.669366
-0.635991
-0.601034
-0.564583
-0.526729
-0.487564
-0.447188
-0.4057
-0.363203
-0.319804
-0.275609
-0.230729
-0.185275
-0.139361
-0.0931002
-0.0466081
-1.16088e-16
0
-0.0457696
-0.0914253
-0.136854
-0.181942
-0.226578
-0.27065
-0.31405
-0.356669
-0.398401
-0.439143
-0.478793
-0.517252
-0.554426
-0.590221
-0.624549
-0.657324
-0.688465
-0.717894
-0.745539
-0.77133
-0.795203
-0.817099
-0.836964
-0.854748
-0.870407
-0.883902
-0.8952
-0.904271
-0.911095
-0.915654
-0.917936
-0.917936
-0.915654
-0.911095
-0.904271
-0.8952
-0.883902
-0.870407
-0.854748
-0.836964
-0.817099
-0.795203
-0.77133
-0.745539
-0.717894
-0.688465
-0.657324
-0.624549
-0.590221
-0.554426
-0.517252
-0.478793
-0.439143
-0.398401
-0.356669
-0.31405
-0.27065
-0.226578
-0.181942
-0.136854
-0.0914253
-0.0457696
-1.13999e-16
0
-0.0448173
-0.0895231
-0.134006
-0.178156
-0.221864
-0.265019
-0.307516
-0.349248
-0.390112
-0.430006
-0.468831
-0.50649
-0.542891
-0.577941
-0.611555
-0.643648
-0.674141
-0.702958
-0.730027
-0.755281
-0.778658
-0.800099
-0.81955
-0.836964
-0.852297
-0.865511
-0.876574
-0.885457
-0.892139
-0.896603
-0.898837
-0.898837
-0.896603
-0.892139
-0.885457
-0.876574
-0.865511
-0.852297
-0.836964
-0.81955
-0.800099
-0.778658
-0.755281
-0.730027
-0.702958
-0.674141
-0.643648
-0.611555
-0.577941
-0.542891
-0.50649
-0.468831
-0.430006
-0.390112
-0.349248
-0.307516
-0.265019
-0.221864
-0.178156
-0.134006
-0.0895231
-0.0448173
-1.11627e-16
0
-0.0437536
-0.0873983
-0.130826
-0.173928
-0.216598
-0.258729
-0.300217
-0.340959
-0.380853
-0.4198
-0.457704
-0.494469
-0.530005
-0.564224
-0.59704
-0.628371
-0.65814
-0.686273
-0.7127
-0.737355
-0.760177
-0.781109
-0.800099
-0.817099
-0.832069
-0.844969
-0.855769
-0.864441
-0.870964
-0.875322
-0.877504
-0.877504
-0.875322
-0.870964
-0.864441
-0.855769
-0.844969
-0.832069
-0.817099
-0.800099
-0.781109
-0.760177
-0.737355
-0.7127
-0.686273
-0.65814
-0.628371
-0.59704
-0.564224
-0.530005
-0.494469
-0.457704
-0.4198
-0.380853
-0.340959
-0.300217
-0.258729
-0.216598
-0.173928
-0.130826
-0.0873983
-0.0437536
-1.08978e-16
0
-0.0425811
-0.0850563
-0.12732
-0.169267
-0.210794
-0.251796
-0.292172
-0.331822
-0.370647
-0.408551
-0.445438
-0.481219
-0.515803
-0.549104
-0.581041
-0.611532
-0.640504
-0.667883
-0.693602
-0.717596
-0.739806
-0.760177
-0.778658
-0.795203
-0.809771
-0.822326
-0.832836
-0.841276
-0.847625
-0.851866
-0.853989
-0.853989
-0.851866
-0.847625
-0.841276
-0.832836
-0.822326
-0.809771
-0.795203
-0.778658
-0.760177
-0.739806
-0.717596
-0.693602
-0.667883
-0.640504
-0.611532
-0.581041
-0.549104
-0.515803
-0.481219
-0.445438
-0.408551
-0.370647
-0.331822
-0.292172
-0.251796
-0.210794
-0.169267
-0.12732
-0.0850563
-0.0425811
-1.06058e-16
0
-0.0413027
-0.0825027
-0.123498
-0.164186
-0.204465
-0.244237
-0.283401
-0.32186
-0.35952
-0.396285
-0.432066
-0.466772
-0.500317
-0.532619
-0.563597
-0.593173
-0.621275
-0.647832
-0.672779
-0.696052
-0.717596
-0.737355
-0.755281
-0.77133
-0.78546
-0.797638
-0.807833
-0.81602
-0.822178
-0.826291
-0.828351
-0.828351
-0.826291
-0.822178
-0.81602
-0.807833
-0.797638
-0.78546
-0.77133
-0.755281
-0.737355
-0.717596
-0.696052
-0.672779
-0.647832
-0.621275
-0.593173
-0.563597
-0.532619
-0.500317
-0.466772
-0.432066
-0.396285
-0.35952
-0.32186
-0.283401
-0.244237
-0.204465
-0.164186
-0.123498
-0.0825027
-0.0413027
-1.02874e-16
0
-0.0399217
-0.0797441
-0.119368
-0.158696
-0.197629
-0.23607
-0.273925
-0.311098
-0.347498
-0.383035
-0.417619
-0.451164
-0.483588
-0.51481
-0.544752
-0.573339
-0.600501
-0.626171
-0.650283
-0.672779
-0.693602
-0.7127
-0.730027
-0.745539
-0.759197
-0.770968
-0.780822
-0.788735
-0.794686
-0.798663
-0.800653
-0.800653
-0.798663
-0.794686
-0.788735
-0.780822
-0.770968
-0.759197
-0.745539
-0.730027
-0.7127
-0.693602
-0.672779
-0.650283
-0.626171
-0.600501
-0.573339
-0.544752
-0.51481
-0.483588
-0.451164
-0.417619
-0.383035
-0.347498
-0.311098
-0.273925
-0.23607
-0.197629
-0.158696
-0.119368
-0.0797441
-0.0399217
-9.94337e-17
0
-0.0384414
-0.0767872
-0.114942
-0.152811
-0.1903
-0.227317
-0.263768
-0.299563
-0.334613
-0.368832
-0.402133
-0.434435
-0.465657
-0.495721
-0.524552
-0.55208
-0.578235
-0.602952
-0.626171
-0.647832
-0.667883
-0.686273
-0.702958
-0.717894
-0.731046
-0.74238
-0.751869
-0.759488
-0.76522
-0.769048
-0.770965
-0.770965
-0.769048
-0.76522
-0.759488
-0.751869
-0.74238
-0.731046
-0.717894
-0.702958
-0.686273
-0.667883
-0.647832
-0.626171
-0.602952
-0.578235
-0.55208
-0.524552
-0.495721
-0.465657
-0.434435
-0.402133
-0.368832
-0.334613
-0.299563
-0.263768
-0.227317
-0.1903
-0.152811
-0.114942
-0.0767872
-0.0384414
-9.57467e-17
0
-0.0368655
-0.0736394
-0.11023
-0.146547
-0.182499
-0.217998
-0.252955
-0.287283
-0.320896
-0.353712
-0.385648
-0.416626
-0.446568
-0.475399
-0.503049
-0.529448
-0.554531
-0.578235
-0.600501
-0.621275
-0.640504
-0.65814
-0.674141
-0.688465
-0.701078
-0.711947
-0.721047
-0.728354
-0.73385
-0.737522
-0.73936
-0.73936
-0.737522
-0.73385
-0.728354
-0.721047
-0.711947
-0.701078
-0.688465
-0.674141
-0.65814
-0.640504
-0.621275
-0.600501
-0.578235
-0.554531
-0.529448
-0.503049
-0.475399
-0.446568
-0.416626
-0.385648
-0.353712
-0.320896
-0.287283
-0.252955
-0.217998
-0.182499
-0.146547
-0.11023
-0.0736394
-0.0368655
-9.18217e-17
0
-0.035198
-0.0703085
-0.105244
-0.139918
-0.174244
-0.208137
-0.241513
-0.274288
-0.306381
-0.337713
-0.368205
-0.397781
-0.426369
-0.453896
-0.480295
-0.5055
-0.529448
-0.55208
-0.573339
-0.593173
-0.611532
-0.628371
-0.643648
-0.657324
-0.669366
-0.679744
-0.688432
-0.695409
-0.700657
-0.704162
-0.705917
-0.705917
-0.704162
-0.700657
-0.695409
-0.688432
-0.679744
-0.669366
-0.657324
-0.643648
-0.628371
-0.611532
-0.593173
-0.573339
-0.55208
-0.529448
-0.5055
-0.480295
-0.453896
-0.426369
-0.397781
-0.368205
-0.337713
-0.306381
-0.274288
-0.241513
-0.208137
-0.174244
-0.139918
-0.105244
-0.0703085
-0.035198
-8.76684e-17
0
-0.033443
-0.0668028
-0.0999966
-0.132942
-0.165556
-0.197759
-0.229471
-0.260612
-0.291105
-0.320874
-0.349845
-0.377947
-0.405109
-0.431264
-0.456347
-0.480295
-0.503049
-0.524552
-0.544752
-0.563597
-0.581041
-0.59704
-0.611555
-0.624549
-0.635991
-0.645851
-0.654106
-0.660735
-0.665721
-0.669052
-0.670719
-0.670719
-0.669052
-0.665721
-0.660735
-0.654106
-0.645851
-0.635991
-0.624549
-0.611555
-0.59704
-0.581041
-0.563597
-0.544752
-0.524552
-0.503049
-0.480295
-0.456347
-0.431264
-0.405109
-0.377947
-0.349845
-0.320874
-0.291105
-0.260612
-0.229471
-0.197759
-0.165556
-0.132942
-0.0999966
-0.0668028
-0.033443
-8.32971e-17
0
-0.0316048
-0.0631311
-0.0945004
-0.125635
-0.156457
-0.18689
-0.216858
-0.246287
-0.275104
-0.303237
-0.330616
-0.357174
-0.382843
-0.40756
-0.431264
-0.453896
-0.475399
-0.495721
-0.51481
-0.532619
-0.549104
-0.564224
-0.577941
-0.590221
-0.601034
-0.610353
-0.618154
-0.624418
-0.62913
-0.632278
-0.633854
-0.633854
-0.632278
-0.62913
-0.624418
-0.618154
-0.610353
-0.601034
-0.590221
-0.577941
-0.564224
-0.549104
-0.532619
-0.51481
-0.495721
-0.475399
-0.453896
-0.431264
-0.40756
-0.382843
-0.357174
-0.330616
-0.303237
-0.275104
-0.246287
-0.216858
-0.18689
-0.156457
-0.125635
-0.0945004
-0.0631311
-0.0316048
-7.87188e-17
0
-0.0296881
-0.0593024
-0.0887692
-0.118015
-0.146968
-0.175555
-0.203706
-0.231351
-0.25842
-0.284847
-0.310566
-0.335512
-0.359624
-0.382843
-0.405109
-0.426369
-0.446568
-0.465657
-0.483588
-0.500317
-0.515803
-0.530005
-0.542891
-0.554426
-0.564583
-0.573337
-0.580665
-0.586549
-0.590975
-0.593932
-0.595412
-0.595412
-0.593932
-0.590975
-0.586549
-0.580665
-0.573337
-0.564583
-0.554426
-0.542891
-0.530005
-0.515803
-0.500317
-0.483588
-0.465657
-0.446568
-0.426369
-0.405109
-0.382843
-0.359624
-0.335512
-0.310566
-0.284847
-0.25842
-0.231351
-0.203706
-0.175555
-0.146968
-0.118015
-0.0887692
-0.0593024
-0.0296881
-7.39447e-17
0
-0.0276975
-0.0553262
-0.0828173
-0.110103
-0.137114
-0.163785
-0.190048
-0.215839
-0.241093
-0.265748
-0.289742
-0.313016
-0.335512
-0.357174
-0.377947
-0.397781
-0.416626
-0.434435
-0.451164
-0.466772
-0.481219
-0.494469
-0.50649
-0.517252
-0.526729
-0.534895
-0.541732
-0.547222
-0.551351
-0.55411
-0.555491
-0.555491
-0.55411
-0.551351
-0.547222
-0.541732
-0.534895
-0.526729
-0.517252
-0.50649
-0.494469
-0.481219
-0.466772
-0.451164
-0.434435
-0.416626
-0.397781
-0.377947
-0.357174
-0.335512
-0.313016
-0.289742
-0.265748
-0.241093
-0.215839
-0.190048
-0.163785
-0.137114
-0.110103
-0.0828173
-0.0553262
-0.0276975
-6.89868e-17
0
-0.0256381
-0.0512125
-0.0766596
-0.101916
-0.126919
-0.151607
-0.175917
-0.199791
-0.223167
-0.245989
-0.268199
-0.289742
-0.310566
-0.330616
-0.349845
-0.368205
-0.385648
-0.402133
-0.417619
-0.432066
-0.445438
-0.457704
-0.468831
-0.478793
-0.487564
-0.495124
-0.501452
-0.506534
-0.510356
-0.51291
-0.514188
-0.514188
-0.51291
-0.510356
-0.506534
-0.501452
-0.495124
-0.487564
-0.478793
-0.468831
-0.457704
-0.445438
-0.432066
-0.417619
-0.402133
-0.385648
-0.368205
-0.349845
-0.330616
-0.310566
-0.289742
-0.268199
-0.245989
-0.223167
-0.199791
-0.175917
-0.151607
-0.126919
-0.101916
-0.0766596
-0.0512125
-0.0256381
-6.38574e-17
0
-0.023515
-0.0469715
-0.0703112
-0.0934761
-0.116409
-0.139052
-0.161349
-0.183245
-0.204686
-0.225618
-0.245989
-0.265748
-0.284847
-0.303237
-0.320874
-0.337713
-0.353712
-0.368832
-0.383035
-0.396285
-0.408551
-0.4198
-0.430006
-0.439143
-0.447188
-0.454121
-0.459926
-0.464587
-0.468092
-0.470434
-0.471607
-0.471607
-0.470434
-0.468092
-0.464587
-0.459926
-0.454121
-0.447188
-0.439143
-0.430006
-0.4198
-0.408551
-0.396285
-0.383035
-0.368832
-0.353712
-0.337713
-0.320874
-0.303237
-0.284847
-0.265748
-0.245989
-0.225618
-0.204686
-0.183245
-0.161349
-0.139052
-0.116409
-0.0934761
-0.0703112
-0.0469715
-0.023515
-5.85692e-17
0
-0.0213334
-0.0426137
-0.0637881
-0.0848039
-0.105609
-0.126151
-0.14638
-0.166245
-0.185696
-0.204686
-0.223167
-0.241093
-0.25842
-0.275104
-0.291105
-0.306381
-0.320896
-0.334613
-0.347498
-0.35952
-0.370647
-0.380853
-0.390112
-0.398401
-0.4057
-0.41199
-0.417256
-0.421484
-0.424665
-0.42679
-0.427853
-0.427853
-0.42679
-0.424665
-0.421484
-0.417256
-0.41199
-0.4057
-0.398401
-0.390112
-0.380853
-0.370647
-0.35952
-0.347498
-0.334613
-0.320896
-0.306381
-0.291105
-0.275104
-0.25842
-0.241093
-0.223167
-0.204686
-0.185696
-0.166245
-0.14638
-0.126151
-0.105609
-0.0848039
-0.0637881
-0.0426137
-0.0213334
-5.31354e-17
0
-0.0190987
-0.0381499
-0.0571063
-0.0759207
-0.0945464
-0.112937
-0.131047
-0.148831
-0.166245
-0.183245
-0.199791
-0.215839
-0.231351
-0.246287
-0.260612
-0.274288
-0.287283
-0.299563
-0.311098
-0.32186
-0.331822
-0.340959
-0.349248
-0.356669
-0.363203
-0.368834
-0.373549
-0.377334
-0.380182
-0.382084
-0.383036
-0.383036
-0.382084
-0.380182
-0.377334
-0.373549
-0.368834
-0.363203
-0.356669
-0.349248
-0.340959
-0.331822
-0.32186
-0.311098
-0.299563
-0.287283
-0.274288
-0.260612
-0.246287
-0.231351
-0.215839
-0.199791
-0.183245
-0.166245
-0.148831
-0.131047
-0.112937
-0.0945464
-0.0759207
-0.0571063
-0.0381499
-0.0190987
-4.75695e-17
0
-0.0168166
-0.0335913
-0.0502826
-0.0668488
-0.0832489
-0.099442
-0.115388
-0.131047
-0.14638
-0.161349
-0.175917
-0.190048
-0.203706
-0.216858
-0.229471
-0.241513
-0.252955
-0.263768
-0.273925
-0.283401
-0.292172
-0.300217
-0.307516
-0.31405
-0.319804
-0.324762
-0.328913
-0.332246
-0.334753
-0.336428
-0.337267
-0.337267
-0.336428
-0.334753
-0.332246
-0.328913
-0.324762
-0.319804
-0.31405
-0.307516
-0.300217
-0.292172
-0.283401
-0.273925
-0.263768
-0.252955
-0.241513
-0.229471
-0.216858
-0.203706
-0.190048
-0.175917
-0.161349
-0.14638
-0.131047
-0.115388
-0.099442
-0.0832489
-0.0668488
-0.0502826
-0.0335913
-0.0168166
-4.18854e-17
0
-0.0144926
-0.0289492
-0.0433339
-0.0576108
-0.0717444
-0.0856997
-0.099442
-0.112937
-0.126151
-0.139052
-0.151607
-0.163785
-0.175555
-0.18689
-0.197759
-0.208137
-0.217998
-0.227317
-0.23607
-0.244237
-0.251796
-0.258729
-0.265019
-0.27065
-0.275609
-0.279882
-0.283459
-0.286332
-0.288492
-0.289936
-0.290658
-0.290658
-0.289936
-0.288492
-0.286332
-0.283459
-0.279882
-0.275609
-0.27065
-0.265019
-0.258729
-0.251796
-0.244237
-0.23607
-0.227317
-0.217998
-0.208137
-0.197759
-0.18689
-0.175555
-0.163785
-0.151607
-0.139052
-0.126151
-0.112937
-0.099442
-0.0856997
-0.0717444
-0.0576108
-0.0433339
-0.0289492
-0.0144926
-3.60971e-17
0
-0.0121327
-0.0242352
-0.0362774
-0.0482295
-0.0600616
-0.0717444
-0.0832489
-0.0945464
-0.105609
-0.116409
-0.126919
-0.137114
-0.146968
-0.156457
-0.165556
-0.174244
-0.182499
-0.1903
-0.197629
-0.204465
-0.210794
-0.216598
-0.221864
-0.226578
-0.230729
-0.234306
-0.237301
-0.239706
-0.241514
-0.242723
-0.243328
-0.243328
-0.242723
-0.241514
-0.239706
-0.237301
-0.234306
-0.230729
-0.226578
-0.221864
-0.216598
-0.210794
-0.204465
-0.197629
-0.1903
-0.182499
-0.174244
-0.165556
-0.156457
-0.146968
-0.137114
-0.126919
-0.116409
-0.105609
-0.0945464
-0.0832489
-0.0717444
-0.0600616
-0.0482295
-0.0362774
-0.0242352
-0.0121327
-3.02191e-17
0
-0.00974252
-0.0194608
-0.0291307
-0.0387282
-0.0482295
-0.0576108
-0.0668488
-0.0759207
-0.0848039
-0.0934761
-0.101916
-0.110103
-0.118015
-0.125635
-0.132942
-0.139918
-0.146547
-0.152811
-0.158696
-0.164186
-0.169267
-0.173928
-0.178156
-0.181942
-0.185275
-0.188148
-0.190553
-0.192484
-0.193936
-0.194906
-0.195392
-0.195392
-0.194906
-0.193936
-0.192484
-0.190553
-0.188148
-0.185275
-0.181942
-0.178156
-0.173928
-0.169267
-0.164186
-0.158696
-0.152811
-0.146547
-0.139918
-0.132942
-0.125635
-0.118015
-0.110103
-0.101916
-0.0934761
-0.0848039
-0.0759207
-0.0668488
-0.0576108
-0.0482295
-0.0387282
-0.0291307
-0.0194608
-0.00974252
-2.42659e-17
0
-0.00732817
-0.0146381
-0.0219117
-0.0291307
-0.0362774
-0.0433339
-0.0502826
-0.0571063
-0.0637881
-0.0703112
-0.0766596
-0.0828173
-0.0887692
-0.0945004
-0.0999966
-0.105244
-0.11023
-0.114942
-0.119368
-0.123498
-0.12732
-0.130826
-0.134006
-0.136854
-0.139361
-0.141522
-0.14333
-0.144783
-0.145876
-0.146605
-0.146971
-0.146971
-0.146605
-0.145876
-0.144783
-0.14333
-0.141522
-0.139361
-0.136854
-0.134006
-0.130826
-0.12732
-0.123498
-0.119368
-0.114942
-0.11023
-0.105244
-0.0999966
-0.0945004
-0.0887692
-0.0828173
-0.0766596
-0.0703112
-0.0637881
-0.0571063
-0.0502826
-0.0433339
-0.0362774
-0.0291307
-0.0219117
-0.0146381
-0.00732817
-1.82524e-17
0
-0.00489559
-0.00977901
-0.0146381
-0.0194608
-0.0242352
-0.0289492
-0.0335913
-0.0381499
-0.0426137
-0.0469715
-0.0512125
-0.0553262
-0.0593024
-0.0631311
-0.0668028
-0.0703085
-0.0736394
-0.0767872
-0.0797441
-0.0825027
-0.0850563
-0.0873983
-0.0895231
-0.0914253
-0.0931002
-0.0945437
-0.0957521
-0.0967224
-0.0974523
-0.0979399
-0.098184
-0.098184
-0.0979399
-0.0974523
-0.0967224
-0.0957521
-0.0945437
-0.0931002
-0.0914253
-0.0895231
-0.0873983
-0.0850563
-0.0825027
-0.0797441
-0.0767872
-0.0736394
-0.0703085
-0.0668028
-0.0631311
-0.0593024
-0.0553262
-0.0512125
-0.0469715
-0.0426137
-0.0381499
-0.0335913
-0.0289492
-0.0242352
-0.0194608
-0.0146381
-0.00977901
-0.00489559
-1.21935e-17
0
-0.00245084
-0.00489559
-0.00732817
-0.00974252
-0.0121327
-0.0144926
-0.0168166
-0.0190987
-0.0213334
-0.023515
-0.0256381
-0.0276975
-0.0296881
-0.0316048
-0.033443
-0.035198
-0.0368655
-0.0384414
-0.0399217
-0.0413027
-0.0425811
-0.0437536
-0.0448173
-0.0457696
-0.0466081
-0.0473307
-0.0479356
-0.0484214
-0.0487868
-0.0490309
-0.0491531
-0.0491531
-0.0490309
-0.0487868
-0.0484214
-0.0479356
-0.0473307
-0.0466081
-0.0457696
-0.0448173
-0.0437536
-0.0425811
-0.0413027
-0.0399217
-0.0384414
-0.0368655
-0.035198
-0.033443
-0.0316048
-0.0296881
-0.0276975
-0.0256381
-0.023515
-0.0213334
-0.0190987
-0.0168166
-0.0144926
-0.0121327
-0.00974252
-0.00732817
-0.00489559
-0.00245084
-6.10436e-18
0
-6.10436e-18
-1.21935e-17
-1.82524e-17
-2.42659e-17
-3.02191e-17
-3.60971e-17
-4.18854e-17
-4.75695e-17
-5.31354e-17
-5.85692e-17
-6.38574e-17
-6.89868e-17
-7.39447e-17
-7.87188e-17
-8.32971e-17
-8.76684e-17
-9.18217e-17
-9.57467e-17
-9.94337e-17
-1.02874e-16
-1.06058e-16
-1.08978e-16
-1.11627e-16
-1.13999e-16
-1.16088e-16
-1.17887e-16
-1.19394e-16
-1.20604e-16
-1.21514e-16
-1.22122e-16
-1.22427e-16
-1.22427e-16
-1.22122e-16
-1.21514e-16
-1.20604e-16
-1.19394e-16
-1.17887e-16
-1.16088e-16
-1.13999e-16
-1.11627e-16
-1.08978e-16
-1.06058e-16
-1.02874e-16
-9.94337e-17
-9.57467e-17
-9.18217e-17
-8.76684e-17
-8.32971e-17
-7.87188e-17
-7.39447e-17
-6.89868e-17
-6.38574e-17
-5.85692e-17
-5.31354e-17
-4.75695e-17
-4.18854e-17
-3.60971e-17
-3.02191e-17
-2.42659e-17
-1.82524e-17
-1.21935e-17
-6.10436e-18
-1.49976e-32
