64
0
0
0
0
0
0
0
0
0
0
0
0
0
0
0
0
0
0
0
0
0
0
0
0
0
0
0
0
0
0
0
0
0
0
0
0
0
0
0
0
0
0
0
0
0
0
0
0
0
0
0
0
0
0
0
0
0
0
0
0
0
0
0
0
0
-0.00242054
-0.00483506
-0.00723756
-0.00962207
-0.0119827
-0.0143134
-0.0166087
-0.0188626
-0.0210696
-0.0232242
-0.0253211
-0.0273551
-0.029321
-0.0312141
-0.0330295
-0.0347628
-0.0364097
-0.0379661
-0.0394281
-0.040792
-0.0420546
-0.0432126
-0.0442631
-0.0452037
-0.0460318
-0.0467455
-0.0473429
-0.0478227
-0.0481836
-0.0484247
-0.0485454
-0.0485454
-0.0484247
-0.0481836
-0.0478227
-0.0473429
-0.0467455
-0.0460318
-0.0452037
-0.0442631
-0.0432126
-0.0420546
-0.040792
-0.0394281
-0.0379661
-0.0364097
-0.0347628
-0.0330295
-0.0312141
-0.029321
-0.0273551
-0.0253211
-0.0232242
-0.0210696
-0.0188626
-0.0166087
-0.0143134
-0.0119827
-0.00962207
-0.00723756
-0.00483506
-0.00242054
-6.10436e-18
0
-0.00483506
-0.0096581
-0.0144571
-0.0192202
-0.0239355
-0.0285913
-0.033176
-0.0376782
-0.0420868
-0.0463907
-0.0505793
-0.0546422
-0.0585691
-0.0623505
-0.0659769
-0.0694392
-0.0727289
-0.0758378
-0.0787581
-0.0814827
-0.0840046
-0.0863177
-0.0884162
-0.0902949
-0.0919491
-0.0933747
-0.0945682
-0.0955265
-0.0962474
-0.096729
-0.09697
-0.09697
-0.096729
-0.0962474
-0.0955265
-0.0945682
-0.0933747
-0.0919491
-0.0902949
-0.0884162
-0.0863177
-0.0840046
-0.0814827
-0.0787581
-0.0758378
-0.0727289
-0.0694392
-0.0659769
-0.0623505
-0.0585691
-0.0546422
-0.0505793
-0.0463907
-0.0420868
-0.0376782
-0.033176
-0.0285913
-0.0239355
-0.0192202
-0.0144571
-0.0096581
-0.00483506
-1.21935e-17
0
-0.00723756
-0.0144571
-0.0216408
-0.0287706
-0.0358289
-0.0427981
-0.0496609
-0.0564003
-0.0629994
-0.0694419
-0.0757117
-0.0817934
-0.0876717
-0.093332
-0.0987602
-0.103943
-0.108867
-0.113521
-0.117892
-0.121971
-0.125746
-0.129208
-0.13235
-0.135162
-0.137638
-0.139772
-0.141558
-0.142993
-0.144072
-0.144793
-0.145154
-0.145154
-0.144793
-0.144072
-0.142993
-0.141558
-0.139772
-0.137638
-0.135162
-0.13235
-0.129208
-0.125746
-0.121971
-0.117892
-0.113521
-0.108867
-0.103943
-0.0987602
-0.093332
-0.0876717
-0.0817934
-0.0757117
-0.0694419
-0.0629994
-0.0564003
-0.0496609
-0.0427981
-0.0358289
-0.0287706
-0.0216408
-0.0144571
-0.00723756
-1.82524e-17
0
-0.00962207
-0.0192202
-0.0287706
-0.0382494
-0.0476331
-0.0568985
-0.0660223
-0.074982
-0.0837553
-0.0923204
-0.100656
-0.108741
-0.116556
-0.124081
-0.131298
-0.138188
-0.144735
-0.150922
-0.156734
-0.162156
-0.167174
-0.171778
-0.175954
-0.179692
-0.182984
-0.185821
-0.188197
-0.190104
-0.191538
-0.192497
-0.192976
-0.192976
-0.192497
-0.191538
-0.190104
-0.188197
-0.185821
-0.182984
-0.179692
-0.175954
-0.171778
-0.167174
-0.162156
-0.156734
-0.150922
-0.144735
-0.138188
-0.131298
-0.124081
-0.116556
-0.108741
-0.100656
-0.0923204
-0.0837553
-0.074982
-0.0660223
-0.0568985
-0.0476331
-0.0382494
-0.0287706
-0.0192202
-0.00962207
-2.42659e-17
0
-0.0119827
-0.0239355
-0.0358289
-0.0476331
-0.059319
-0.0708574
-0.0822196
-0.0933774
-0.104303
-0.114969
-0.12535
-0.135419
-0.145151
-0.154522
-0.163509
-0.17209
-0.180243
-0.187948
-0.195185
-0.201937
-0.208187
-0.21392
-0.219121
-0.223776
-0.227876
-0.231409
-0.234367
-0.236742
-0.238528
-0.239722
-0.240319
-0.240319
-0.239722
-0.238528
-0.236742
-0.234367
-0.231409
-0.227876
-0.223776
-0.219121
-0.21392
-0.208187
-0.201937
-0.195185
-0.187948
-0.180243
-0.17209
-0.163509
-0.154522
-0.145151
-0.135419
-0.12535
-0.114969
-0.104303
-0.0933774
-0.0822196
-0.0708574
-0.059319
-0.0476331
-0.0358289
-0.0239355
-0.0119827
-3.02191e-17
0
-0.0143134
-0.0285913
-0.0427981
-0.0568985
-0.0708574
-0.0846401
-0.0982125
-0.111541
-0.124591
-0.137333
-0.149732
-0.16176
-0.173385
-0.184579
-0.195314
-0.205564
-0.215303
-0.224506
-0.233151
-0.241217
-0.248683
-0.25553
-0.261743
-0.267304
-0.272201
-0.276421
-0.279954
-0.282792
-0.284925
-0.286351
-0.287065
-0.287065
-0.286351
-0.284925
-0.282792
-0.279954
-0.276421
-0.272201
-0.267304
-0.261743
-0.25553
-0.248683
-0.241217
-0.233151
-0.224506
-0.215303
-0.205564
-0.195314
-0.184579
-0.173385
-0.16176
-0.149732
-0.137333
-0.124591
-0.111541
-0.0982125
-0.0846401
-0.0708574
-0.0568985
-0.0427981
-0.0285913
-0.0143134
-3.60971e-17
0
-0.0166087
-0.033176
-0.0496609
-0.0660223
-0.0822196
-0.0982125
-0.113961
-0.129427
-0.14457
-0.159354
-0.173742
-0.187698
-0.201188
-0.214177
-0.226634
-0.238527
-0.249827
-0.260506
-0.270538
-0.279897
-0.28856
-0.296505
-0.303714
-0.310167
-0.31585
-0.320747
-0.324846
-0.328138
-0.330614
-0.332268
-0.333097
-0.333097
-0.332268
-0.330614
-0.328138
-0.324846
-0.320747
-0.31585
-0.310167
-0.303714
-0.296505
-0.28856
-0.279897
-0.270538
-0.260506
-0.249827
-0.238527
-0.226634
-0.214177
-0.201188
-0.187698
-0.173742
-0.159354
-0.14457
-0.129427
-0.113961
-0.0982125
-0.0822196
-0.0660223
-0.0496609
-0.033176
-0.0166087
-4.18854e-17
0
-0.0188626
-0.0376782
-0.0564003
-0.074982
-0.0933774
-0.111541
-0.129427
-0.146991
-0.164189
-0.18098
-0.19732
-0.21317
-0.22849
-0.243242
-0.257389
-0.270897
-0.283731
-0.295859
-0.307252
-0.317881
-0.327719
-0.336743
-0.34493
-0.352259
-0.358713
-0.364274
-0.36893
-0.372669
-0.375481
-0.37736
-0.3783
-0.3783
-0.37736
-0.375481
-0.372669
-0.36893
-0.364274
-0.358713
-0.352259
-0.34493
-0.336743
-0.327719
-0.317881
-0.307252
-0.295859
-0.283731
-0.270897
-0.257389
-0.243242
-0.22849
-0.21317
-0.19732
-0.18098
-0.164189
-0.146991
-0.129427
-0.111541
-0.0933774
-0.074982
-0.0564003
-0.0376782
-0.0188626
-4.75695e-17
0
-0.0210696
-0.0420868
-0.0629994
-0.0837553
-0.104303
-0.124591
-0.14457
-0.164189
-0.1834
-0.202155
-0.220408
-0.238112
-0.255225
-0.271703
-0.287505
-0.302593
-0.316929
-0.330476
-0.343202
-0.355075
-0.366064
-0.376144
-0.385289
-0.393475
-0.400684
-0.406896
-0.412097
-0.416273
-0.419414
-0.421513
-0.422563
-0.422563
-0.421513
-0.419414
-0.416273
-0.412097
-0.406896
-0.400684
-0.393475
-0.385289
-0.376144
-0.366064
-0.355075
-0.343202
-0.330476
-0.316929
-0.302593
-0.287505
-0.271703
-0.255225
-0.238112
-0.220408
-0.202155
-0.1834
-0.164189
-0.14457
-0.124591
-0.104303
-0.0837553
-0.0629994
-0.0420868
-0.0210696
-5.31354e-17
0
-0.0232242
-0.0463907
-0.0694419
-0.0923204
-0.114969
-0.137333
-0.159354
-0.18098
-0.202155
-0.222828
-0.242947
-0.262463
-0.281325
-0.299488
-0.316907
-0.333537
-0.349339
-0.364272
-0.378299
-0.391386
-0.403499
-0.41461
-0.424689
-0.433713
-0.441659
-0.448507
-0.454239
-0.458842
-0.462305
-0.464618
-0.465776
-0.465776
-0.464618
-0.462305
-0.458842
-0.454239
-0.448507
-0.441659
-0.433713
-0.424689
-0.41461
-0.403499
-0.391386
-0.378299
-0.364272
-0.349339
-0.333537
-0.316907
-0.299488
-0.281325
-0.262463
-0.242947
-0.222828
-0.202155
-0.18098
-0.159354
-0.137333
-0.114969
-0.0923204
-0.0694419
-0.0463907
-0.0232242
-5.85692e-17
0
-0.0253211
-0.0505793
-0.0757117
-0.100656
-0.12535
-0.149732
-0.173742
-0.19732
-0.220408
-0.242947
-0.264883
-0.28616
-0.306726
-0.326529
-0.34552
-0.363652
-0.38088
-0.397161
-0.412455
-0.426723
-0.439931
-0.452045
-0.463034
-0.472873
-0.481536
-0.489002
-0.495252
-0.500271
-0.504046
-0.506568
-0.507831
-0.507831
-0.506568
-0.504046
-0.500271
-0.495252
-0.489002
-0.481536
-0.472873
-0.463034
-0.452045
-0.439931
-0.426723
-0.412455
-0.397161
-0.38088
-0.363652
-0.34552
-0.326529
-0.306726
-0.28616
-0.264883
-0.242947
-0.220408
-0.19732
-0.173742
-0.149732
-0.12535
-0.100656
-0.0757117
-0.0505793
-0.0253211
-6.38574e-17
0
-0.0273551
-0.0546422
-0.0817934
-0.108741
-0.135419
-0.16176
-0.187698
-0.21317
-0.238112
-0.262463
-0.28616
-0.309146
-0.331364
-0.352757
-0.373274
-0.392863
-0.411475
-0.429064
-0.445586
-0.461
-0.475269
-0.488356
-0.500228
-0.510857
-0.520216
-0.528282
-0.535034
-0.540456
-0.544534
-0.547259
-0.548623
-0.548623
-0.547259
-0.544534
-0.540456
-0.535034
-0.528282
-0.520216
-0.510857
-0.500228
-0.488356
-0.475269
-0.461
-0.445586
-0.429064
-0.411475
-0.392863
-0.373274
-0.352757
-0.331364
-0.309146
-0.28616
-0.262463
-0.238112
-0.21317
-0.187698
-0.16176
-0.135419
-0.108741
-0.0817934
-0.0546422
-0.0273551
-6.89868e-17
0
-0.029321
-0.0585691
-0.0876717
-0.116556
-0.145151
-0.173385
-0.201188
-0.22849
-0.255225
-0.281325
-0.306726
-0.331364
-0.355178
-0.378109
-0.4001
-0.421097
-0.441046
-0.459899
-0.477609
-0.494131
-0.509425
-0.523452
-0.536178
-0.547571
-0.557603
-0.566248
-0.573485
-0.579297
-0.583668
-0.586589
-0.588051
-0.588051
-0.586589
-0.583668
-0.579297
-0.573485
-0.566248
-0.557603
-0.547571
-0.536178
-0.523452
-0.509425
-0.494131
-0.477609
-0.459899
-0.441046
-0.421097
-0.4001
-0.378109
-0.355178
-0.331364
-0.306726
-0.281325
-0.255225
-0.22849
-0.201188
-0.173385
-0.145151
-0.116556
-0.0876717
-0.0585691
-0.029321
-7.39447e-17
0
-0.0312141
-0.0623505
-0.093332
-0.124081
-0.154522
-0.184579
-0.214177
-0.243242
-0.271703
-0.299488
-0.326529
-0.352757
-0.378109
-0.402521
-0.425932
-0.448284
-0.469522
-0.489592
-0.508445
-0.526034
-0.542315
-0.557248
-0.570795
-0.582924
-0.593603
-0.602806
-0.610511
-0.616698
-0.621351
-0.62446
-0.626017
-0.626017
-0.62446
-0.621351
-0.616698
-0.610511
-0.602806
-0.593603
-0.582924
-0.570795
-0.557248
-0.542315
-0.526034
-0.508445
-0.489592
-0.469522
-0.448284
-0.425932
-0.402521
-0.378109
-0.352757
-0.326529
-0.299488
-0.271703
-0.243242
-0.214177
-0.184579
-0.154522
-0.124081
-0.093332
-0.0623505
-0.0312141
-7.87188e-17
0
-0.0330295
-0.0659769
-0.0987602
-0.131298
-0.163509
-0.195314
-0.226634
-0.257389
-0.287505
-0.316907
-0.34552
-0.373274
-0.4001
-0.425932
-0.450705
-0.474357
-0.496829
-0.518067
-0.538016
-0.556628
-0.573857
-0.589658
-0.603993
-0.616827
-0.628127
-0.637866
-0.646019
-0.652566
-0.65749
-0.66078
-0.662426
-0.662426
-0.66078
-0.65749
-0.652566
-0.646019
-0.637866
-0.628127
-0.616827
-0.603993
-0.589658
-0.573857
-0.556628
-0.538016
-0.518067
-0.496829
-0.474357
-0.450705
-0.425932
-0.4001
-0.373274
-0.34552
-0.316907
-0.287505
-0.257389
-0.226634
-0.195314
-0.163509
-0.131298
-0.0987602
-0.0659769
-0.0330295
-8.32971e-17
0
-0.0347628
-0.0694392
-0.103943
-0.138188
-0.17209
-0.205564
-0.238527
-0.270897
-0.302593
-0.333537
-0.363652
-0.392863
-0.421097
-0.448284
-0.474357
-0.49925
-0.522902
-0.545254
-0.56625
-0.585839
-0.603971
-0.620602
-0.63569
-0.649197
-0.66109
-0.67134
-0.679921
-0.686811
-0.691994
-0.695456
-0.697189
-0.697189
-0.695456
-0.691994
-0.686811
-0.679921
-0.67134
-0.66109
-0.649197
-0.63569
-0.620602
-0.603971
-0.585839
-0.56625
-0.545254
-0.522902
-0.49925
-0.474357
-0.448284
-0.421097
-0.392863
-0.363652
-0.333537
-0.302593
-0.270897
-0.238527
-0.205564
-0.17209
-0.138188
-0.103943
-0.0694392
-0.0347628
-8.76684e-17
0
-0.0364097
-0.0727289
-0.108867
-0.144735
-0.180243
-0.215303
-0.249827
-0.283731
-0.316929
-0.349339
-0.38088
-0.411475
-0.441046
-0.469522
-0.496829
-0.522902
-0.547675
-0.571086
-0.593077
-0.613593
-0.632585
-0.650003
-0.665806
-0.679953
-0.69241
-0.703145
-0.712132
-0.719349
-0.724777
-0.728403
-0.730219
-0.730219
-0.728403
-0.724777
-0.719349
-0.712132
-0.703145
-0.69241
-0.679953
-0.665806
-0.650003
-0.632585
-0.613593
-0.593077
-0.571086
-0.547675
-0.522902
-0.496829
-0.469522
-0.441046
-0.411475
-0.38088
-0.349339
-0.316929
-0.283731
-0.249827
-0.215303
-0.180243
-0.144735
-0.108867
-0.0727289
-0.0364097
-9.18217e-17
0
-0.0379661
-0.0758378
-0.113521
-0.150922
-0.187948
-0.224506
-0.260506
-0.295859
-0.330476
-0.364272
-0.397161
-0.429064
-0.459899
-0.489592
-0.518067
-0.545254
-0.571086
-0.595497
-0.618428
-0.639822
-0.659625
-0.677788
-0.694266
-0.709018
-0.722007
-0.733202
-0.742573
-0.750098
-0.755758
-0.75954
-0.761433
-0.761433
-0.75954
-0.755758
-0.750098
-0.742573
-0.733202
-0.722007
-0.709018
-0.694266
-0.677788
-0.659625
-0.639822
-0.618428
-0.595497
-0.571086
-0.545254
-0.518067
-0.489592
-0.459899
-0.429064
-0.397161
-0.364272
-0.330476
-0.295859
-0.260506
-0.224506
-0.187948
-0.150922
-0.113521
-0.0758378
-0.0379661
-9.57467e-17
0
-0.0394281
-0.0787581
-0.117892
-0.156734
-0.195185
-0.233151
-0.270538
-0.307252
-0.343202
-0.378299
-0.412455
-0.445586
-0.477609
-0.508445
-0.538016
-0.56625
-0.593077
-0.618428
-0.642243
-0.66446
-0.685026
-0.703888
-0.721001
-0.736321
-0.74981
-0.761436
-0.771168
-0.778983
-0.784861
-0.788788
-0.790754
-0.790754
-0.788788
-0.784861
-0.778983
-0.771168
-0.761436
-0.74981
-0.736321
-0.721001
-0.703888
-0.685026
-0.66446
-0.642243
-0.618428
-0.593077
-0.56625
-0.538016
-0.508445
-0.477609
-0.445586
-0.412455
-0.378299
-0.343202
-0.307252
-0.270538
-0.233151
-0.195185
-0.156734
-0.117892
-0.0787581
-0.0394281
-9.94337e-17
0
-0.040792
-0.0814827
-0.121971
-0.162156
-0.201937
-0.241217
-0.279897
-0.317881
-0.355075
-0.391386
-0.426723
-0.461
-0.494131
-0.526034
-0.556628
-0.585839
-0.613593
-0.639822
-0.66446
-0.687446
-0.708723
-0.728238
-0.745943
-0.761793
-0.775749
-0.787776
-0.797845
-0.805931
-0.812012
-0.816075
-0.818109
-0.818109
-0.816075
-0.812012
-0.805931
-0.797845
-0.787776
-0.775749
-0.761793
-0.745943
-0.728238
-0.708723
-0.687446
-0.66446
-0.639822
-0.613593
-0.585839
-0.556628
-0.526034
-0.494131
-0.461
-0.426723
-0.391386
-0.355075
-0.317881
-0.279897
-0.241217
-0.201937
-0.162156
-0.121971
-0.0814827
-0.040792
-1.02874e-16
0
-0.0420546
-0.0840046
-0.125746
-0.167174
-0.208187
-0.248683
-0.28856
-0.327719
-0.366064
-0.403499
-0.439931
-0.475269
-0.509425
-0.542315
-0.573857
-0.603971
-0.632585
-0.659625
-0.685026
-0.708723
-0.730659
-0.750778
-0.76903
-0.785371
-0.799759
-0.812159
-0.822539
-0.830875
-0.837145
-0.841333
-0.84343
-0.84343
-0.841333
-0.837145
-0.830875
-0.822539
-0.812159
-0.799759
-0.785371
-0.76903
-0.750778
-0.730659
-0.708723
-0.685026
-0.659625
-0.632585
-0.603971
-0.573857
-0.542315
-0.509425
-0.475269
-0.439931
-0.403499
-0.366064
-0.327719
-0.28856
-0.248683
-0.208187
-0.167174
-0.125746
-0.0840046
-0.0420546
-1.06058e-16
0
-0.0432126
-0.0863177
-0.129208
-0.171778
-0.21392
-0.25553
-0.296505
-0.336743
-0.376144
-0.41461
-0.452045
-0.488356
-0.523452
-0.557248
-0.589658
-0.620602
-0.650003
-0.677788
-0.703888
-0.728238
-0.750778
-0.771451
-0.790206
-0.806997
-0.821781
-0.834522
-0.845188
-0.853753
-0.860196
-0.8645
-0.866654
-0.866654
-0.8645
-0.860196
-0.853753
-0.845188
-0.834522
-0.821781
-0.806997
-0.790206
-0.771451
-0.750778
-0.728238
-0.703888
-0.677788
-0.650003
-0.620602
-0.589658
-0.557248
-0.523452
-0.488356
-0.452045
-0.41461
-0.376144
-0.336743
-0.296505
-0.25553
-0.21392
-0.171778
-0.129208
-0.0863177
-0.0432126
-1.08978e-16
0
-0.0442631
-0.0884162
-0.13235
-0.175954
-0.219121
-0.261743
-0.303714
-0.34493
-0.385289
-0.424689
-0.463034
-0.500228
-0.536178
-0.570795
-0.603993
-0.63569
-0.665806
-0.694266
-0.721001
-0.745943
-0.76903
-0.790206
-0.809417
-0.826616
-0.841759
-0.85481
-0.865736
-0.874509
-0.881108
-0.885517
-0.887724
-0.887724
-0.885517
-0.881108
-0.874509
-0.865736
-0.85481
-0.841759
-0.826616
-0.809417
-0.790206
-0.76903
-0.745943
-0.721001
-0.694266
-0.665806
-0.63569
-0.603993
-0.570795
-0.536178
-0.500228
-0.463034
-0.424689
-0.385289
-0.34493
-0.303714
-0.261743
-0.219121
-0.175954
-0.13235
-0.0884162
-0.0442631
-1.11627e-16
0
-0.0452037
-0.0902949
-0.135162
-0.179692
-0.223776
-0.267304
-0.310167
-0.352259
-0.393475
-0.433713
-0.472873
-0.510857
-0.547571
-0.582924
-0.616827
-0.649197
-0.679953
-0.709018
-0.736321
-0.761793
-0.785371
-0.806997
-0.826616
-0.84418
-0.859645
-0.872973
-0.884131
-0.893091
-0.89983
-0.904333
-0.906586
-0.906586
-0.904333
-0.89983
-0.893091
-0.884131
-0.872973
-0.859645
-0.84418
-0.826616
-0.806997
-0.785371
-0.761793
-0.736321
-0.709018
-0.679953
-0.649197
-0.616827
-0.582924
-0.547571
-0.510857
-0.472873
-0.433713
-0.393475
-0.352259
-0.310167
-0.267304
-0.223776
-0.179692
-0.135162
-0.0902949
-0.0452037
-1.13999e-16
0
-0.0460318
-0.0919491
-0.137638
-0.182984
-0.227876
-0.272201
-0.31585
-0.358713
-0.400684
-0.441659
-0.481536
-0.520216
-0.557603
-0.593603
-0.628127
-0.66109
-0.69241
-0.722007
-0.74981
-0.775749
-0.799759
-0.821781
-0.841759
-0.859645
-0.875394
-0.888966
-0.900329
-0.909452
-0.916315
-0.9209
-0.923195
-0.923195
-0.9209
-0.916315
-0.909452
-0.900329
-0.888966
-0.875394
-0.859645
-0.841759
-0.821781
-0.799759
-0.775749
-0.74981
-0.722007
-0.69241
-0.66109
-0.628127
-0.593603
-0.557603
-0.520216
-0.481536
-0.441659
-0.400684
-0.358713
-0.31585
-0.272201
-0.227876
-0.182984
-0.137638
-0.0919491
-0.0460318
-1.16088e-16
0
-0.0467455
-0.0933747
-0.139772
-0.185821
-0.231409
-0.276421
-0.320747
-0.364274
-0.406896
-0.448507
-0.489002
-0.528282
-0.566248
-0.602806
-0.637866
-0.67134
-0.703145
-0.733202
-0.761436
-0.787776
-0.812159
-0.834522
-0.85481
-0.872973
-0.888966
-0.902749
-0.914287
-0.923553
-0.930522
-0.935178
-0.937509
-0.937509
-0.935178
-0.930522
-0.923553
-0.914287
-0.902749
-0.888966
-0.872973
-0.85481
-0.834522
-0.812159
-0.787776
-0.761436
-0.733202
-0.703145
-0.67134
-0.637866
-0.602806
-0.566248
-0.528282
-0.489002
-0.448507
-0.406896
-0.364274
-0.320747
-0.276421
-0.231409
-0.185821
-0.139772
-0.0933747
-0.0467455
-1.17887e-16
0
-0.0473429
-0.0945682
-0.141558
-0.188197
-0.234367
-0.279954
-0.324846
-0.36893
-0.412097
-0.454239
-0.495252
-0.535034
-0.573485
-0.610511
-0.646019
-0.679921
-0.712132
-0.742573
-0.771168
-0.797845
-0.822539
-0.845188
-0.865736
-0.884131
-0.900329
-0.914287
-0.925973
-0.935357
-0.942415
-0.947131
-0.949491
-0.949491
-0.947131
-0.942415
-0.935357
-0.925973
-0.914287
-0.900329
-0.884131
-0.865736
-0.845188
-0.822539
-0.797845
-0.771168
-0.742573
-0.712132
-0.679921
-0.646019
-0.610511
-0.573485
-0.535034
-0.495252
-0.454239
-0.412097
-0.36893
-0.324846
-0.279954
-0.234367
-0.188197
-0.141558
-0.0945682
-0.0473429
-1.19394e-16
0
-0.0478227
-0.0955265
-0.142993
-0.190104
-0.236742
-0.282792
-0.328138
-0.372669
-0.416273
-0.458842
-0.500271
-0.540456
-0.579297
-0.616698
-0.652566
-0.686811
-0.719349
-0.750098
-0.778983
-0.805931
-0.830875
-0.853753
-0.874509
-0.893091
-0.909452
-0.923553
-0.935357
-0.944836
-0.951966
-0.956729
-0.959113
-0.959113
-0.956729
-0.951966
-0.944836
-0.935357
-0.923553
-0.909452
-0.893091
-0.874509
-0.853753
-0.830875
-0.805931
-0.778983
-0.750098
-0.719349
-0.686811
-0.652566
-0.616698
-0.579297
-0.540456
-0.500271
-0.458842
-0.416273
-0.372669
-0.328138
-0.282792
-0.236742
-0.190104
-0.142993
-0.0955265
-0.0478227
-1.20604e-16
0
-0.0481836
-0.0962474
-0.144072
-0.191538
-0.238528
-0.284925
-0.330614
-0.375481
-0.419414
-0.462305
-0.504046
-0.544534
-0.583668
-0.621351
-0.65749
-0.691994
-0.724777
-0.755758
-0.784861
-0.812012
-0.837145
-0.860196
-0.881108
-0.89983
-0.916315
-0.930522
-0.942415
-0.951966
-0.959149
-0.963948
-0.966351
-0.966351
-0.963948
-0.959149
-0.951966
-0.942415
-0.930522
-0.916315
-0.89983
-0.881108
-0.860196
-0.837145
-0.812012
-0.784861
-0.755758
-0.724777
-0.691994
-0.65749
-0.621351
-0.583668
-0.544534
-0.504046
-0.462305
-0.419414
-0.375481
-0.330614
-0.284925
-0.238528
-0.191538
-0.144072
-0.0962474
-0.0481836
-1.21514e-16
0
-0.0484247
-0.096729
-0.144793
-0.192497
-0.239722
-0.286351
-0.332268
-0.37736
-0.421513
-0.464618
-0.506568
-0.547259
-0.586589
-0.62446
-0.66078
-0.695456
-0.728403
-0.75954
-0.788788
-0.816075
-0.841333
-0.8645
-0.885517
-0.904333
-0.9209
-0.935178
-0.947131
-0.956729
-0.963948
-0.968771
-0.971186
-0.971186
-0.968771
-0.963948
-0.956729
-0.947131
-0.935178
-0.9209
-0.904333
-0.885517
-0.8645
-0.841333
-0.816075
-0.788788
-0.75954
-0.728403
-0.695456
-0.66078
-0.62446
-0.586589
-0.547259
-0.506568
-0.464618
-0.421513
-0.37736
-0.332268
-0.286351
-0.239722
-0.192497
-0.144793
-0.096729
-0.0484247
-1.22122e-16
0
-0.0485454
-0.09697
-0.145154
-0.192976
-0.240319
-0.287065
-0.333097
-0.3783
-0.422563
-0.465776
-0.507831
-0.548623
-0.588051
-0.626017
-0.662426
-0.697189
-0.730219
-0.761433
-0.790754
-0.818109
-0.84343
-0.866654
-0.887724
-0.906586
-0.923195
-0.937509
-0.949491
-0.959113
-0.966351
-0.971186
-0.973606
-0.973606
-0.971186
-0.966351
-0.959113
-0.949491
-0.937509
-0.923195
-0.906586
-0.887724
-0.866654
-0.84343
-0.818109
-0.790754
-0.761433
-0.730219
-0.697189
-0.662426
-0.626017
-0.588051
-0.548623
-0.507831
-0.465776
-0.422563
-0.3783
-0.333097
-0.287065
-0.240319
-0.192976
-0.145154
-0.09697
-0.0485454
-1.22427e-16
0
-0.0485454
-0.09697
-0.145154
-0.192976
-0.240319
-0.287065
-0.333097
-0.3783
-0.422563
-0.465776
-0.507831
-0.548623
-0.588051
-0.626017
-0.662426
-0.697189
-0.730219
-0.761433
-0.790754
-0.818109
-0.84343
-0.866654
-0.887724
-0.906586
-0.923195
-0.937509
-0.949491
-0.959113
-0.966351
-0.971186
-0.973606
-0.973606
-0.971186
-0.966351
-0.959113
-0.949491
-0.937509
-0.923195
-0.906586
-0.887724
-0.866654
-0.84343
-0.818109
-0.790754
-0.761433
-0.730219
-0.697189
-0.662426
-0.626017
-0.588051
-0.548623
-0.507831
-0.465776
-0.422563
-0.3783
-0.333097
-0.287065
-0.240319
-0.192976
-0.145154
-0.09697
-0.0485454
-1.22427e-16
0
-0.0484247
-0.096729
-0.144793
-0.192497
-0.239722
-0.286351
-0.332268
-0.37736
-0.421513
-0.464618
-0.506568
-0.547259
-0.586589
-0.62446
-0.66078
-0.695456
-0.728403
-0.75954
-0.788788
-0.816075
-0.841333
-0.8645
-0.885517
-0.904333
-0.9209
-0.935178
-0.947131
-0.956729
-0.963948
-0.968771
-0.971186
-0.971186
-0.968771
-0.963948
-0.956729
-0.947131
-0.935178
-0.9209
-0.904333
-0.885517
-0.8645
-0.841333
-0.816075
-0.788788
-0.75954
-0.728403
-0.695456
-0.66078
-0.62446
-0.586589
-0.547259
-0.506568
-0.464618
-0.421513
-0.37736
-0.332268
-0.286351
-0.239722
-0.192497
-0.144793
-0.096729
-0.0484247
-1.22122e-16
0
-0.0481836
-0.0962474
-0.144072
-0.191538
-0.238528
-0.284925
-0.330614
-0.375481
-0.419414
-0.462305
-0.504046
-0.544534
-0.583668
-0.621351
-0.65749
-0.691994
-0.724777
-0.755758
-0.784861
-0.812012
-0.837145
-0.860196
-0.881108
-0.89983
-0.916315
-0.930522
-0.942415
-0.951966
-0.959149
-0.963948
-0.966351
-0.966351
-0.963948
-0.959149
-0.951966
-0.942415
-0.930522
-0.916315
-0.89983
-0.881108
-0.860196
-0.837145
-0.812012
-0.784861
-0.755758
-0.724777
-0.691994
-0.65749
-0.621351
-0.583668
-0.544534
-0.504046
-0.462305
-0.419414
-0.375481
-0.330614
-0.284925
-0.238528
-0.191538
-0.144072
-0.0962474
-0.0481836
-1.21514e-16
0
-0.0478227
-0.0955265
-0.142993
-0.190104
-0.236742
-0.282792
-0.328138
-0.372669
-0.416273
-0.458842
-0.500271
-0.540456
-0.579297
-0.616698
-0.652566
-0.686811
-0.719349
-0.750098
-0.778983
-0.805931
-0.830875
-0.853753
-0.874509
-0.893091
-0.909452
-0.923553
-0.935357
-0.944836
-0.951966
-0.956729
-0.959113
-0.959113
-0.956729
-0.951966
-0.944836
-0.935357
-0.923553
-0.909452
-0.893091
-0.874509
-0.853753
-0.830875
-0.805931
-0.778983
-0.750098
-0.719349
-0.686811
-0.652566
-0.616698
-0.579297
-0.540456
-0.500271
-0.458842
-0.416273
-0.372669
-0.328138
-0.282792
-0.236742
-0.190104
-0.142993
-0.0955265
-0.0478227
-1.20604e-16
0
-0.0473429
-0.0945682
-0.141558
-0.188197
-0.234367
-0.279954
-0.324846
-0.36893
-0.412097
-0.454239
-0.495252
-0.535034
-0.573485
-0.610511
-0.646019
-0.679921
-0.712132
-0.742573
-0.771168
-0.797845
-0.822539
-0.845188
-0.865736
-0.884131
-0.900329
-0.914287
-0.925973
-0.935357
-0.942415
-0.947131
-0.949491
-0.949491
-0.947131
-0.942415
-0.935357
-0.925973
-0.914287
-0.900329
-0.884131
-0.865736
-0.845188
-0.822539
-0.797845
-0.771168
-0.742573
-0.712132
-0.679921
-0.646019
-0.610511
-0.573485
-0.535034
-0.495252
-0.454239
-0.412097
-0.36893
-0.324846
-0.279954
-0.234367
-0.188197
-0.141558
-0.0945682
-0.0473429
-1.19394e-16
0
-0.0467455
-0.0933747
-0.139772
-0.185821
-0.231409
-0.276421
-0.320747
-0.364274
-0.406896
-0.448507
-0.489002
-0.528282
-0.566248
-0.602806
-0.637866
-0.67134
-0.703145
-0.733202
-0.761436
-0.787776
-0.812159
-0.834522
-0.85481
-0.872973
-0.888966
-0.902749
-0.914287
-0.923553
-0.930522
-0.935178
-0.937509
-0.937509
-0.935178
-0.930522
-0.923553
-0.914287
-0.902749
-0.888966
-0.872973
-0.85481
-0.834522
-0.812159
-0.787776
-0.761436
-0.733202
-0.703145
-0.67134
-0.637866
-0.602806
-0.566248
-0.528282
-0.489002
-0.448507
-0.406896
-0.364274
-0.320747
-0.276421
-0.231409
-0.185821
-0.139772
-0.0933747
-0.0467455
-1.17887e-16
0
-0.0460318
-0.0919491
-0.137638
-0.182984
-0.227876
-0.272201
-0.31585
-0.358713
-0.400684
-0.441659
-0.481536
-0.520216
-0.557603
-0.593603
-0.628127
-0.66109
-0.69241
-0.722007
-0.74981
-0.775749
-0.799759
-0.821781
-0.841759
-0.859645
-0.875394
-0.888966
-0.900329
-0.909452
-0.916315
-0.9209
-0.923195
-0.923195
-0.9209
-0.916315
-0.909452
-0.900329
-0.888966
-0.875394
-0.859645
-0.841759
-0.821781
-0.799759
-0.775749
-0.74981
-0.722007
-0.69241
-0.66109
-0.628127
-0.593603
-0.557603
-0.520216
-0.481536
-0.441659
-0.400684
-0.358713
-0.31585
-0.272201
-0.227876
-0.182984
-0.137638
-0.0919491
-0.0460318
-1.16088e-16
0
-0.0452037
-0.0902949
-0.135162
-0.179692
-0.223776
-0.267304
-0.310167
-0.352259
-0.393475
-0.433713
-0.472873
-0.510857
-0.547571
-0.582924
-0.616827
-0.649197
-0.679953
-0.709018
-0.736321
-0.761793
-0.785371
-0.806997
-0.826616
-0.84418
-0.859645
-0.872973
-0.884131
-0.893091
-0.89983
-0.904333
-0.906586
-0.906586
-0.904333
-0.89983
-0.893091
-0.884131
-0.872973
-0.859645
-0.84418
-0.826616
-0.806997
-0.785371
-0.761793
-0.736321
-0.709018
-0.679953
-0.649197
-0.616827
-0.582924
-0.547571
-0.510857
-0.472873
-0.433713
-0.393475
-0.352259
-0.310167
-0.267304
-0.223776
-0.179692
-0.135162
-0.0902949
-0.0452037
-1.13999e-16
0
-0.0442631
-0.0884162
-0.13235
-0.175954
-0.219121
-0.261743
-0.303714
-0.34493
-0.385289
-0.424689
-0.463034
-0.500228
-0.536178
-0.570795
-0.603993
-0.63569
-0.665806
-0.694266
-0.721001
-0.745943
-0.76903
-0.790206
-0.809417
-0.826616
-0.841759
-0.85481
-0.865736
-0.874509
-0.881108
-0.885517
-0.887724
-0.887724
-0.885517
-0.881108
-0.874509
-0.865736
-0.85481
-0.841759
-0.826616
-0.809417
-0.790206
-0.76903
-0.745943
-0.721001
-0.694266
-0.665806
-0.63569
-0.603993
-0.570795
-0.536178
-0.500228
-0.463034
-0.424689
-0.385289
-0.34493
-0.303714
-0.261743
-0.219121
-0.175954
-0.13235
-0.0884162
-0.0442631
-1.11627e-16
0
-0.0432126
-0.0863177
-0.129208
-0.171778
-0.21392
-0.25553
-0.296505
-0.336743
-0.376144
-0.41461
-0.452045
-0.488356
-0.523452
-0.557248
-0.589658
-0.620602
-0.650003
-0.677788
-0.703888
-0.728238
-0.750778
-0.771451
-0.790206
-0.806997
-0.821781
-0.834522
-0.845188
-0.853753
-0.860196
-0.8645
-0.866654
-0.866654
-0.8645
-0.860196
-0.853753
-0.845188
-0.834522
-0.821781
-0.806997
-0.790206
-0.771451
-0.750778
-0.728238
-0.703888
-0.677788
-0.650003
-0.620602
-0.589658
-0.557248
-0.523452
-0.488356
-0.452045
-0.41461
-0.376144
-0.336743
-0.296505
-0.25553
-0.21392
-0.171778
-0.129208
-0.0863177
-0.0432126
-1.08978e-16
0
-0.0420546
-0.0840046
-0.125746
-0.167174
-0.208187
-0.248683
-0.28856
-0.327719
-0.366064
-0.403499
-0.439931
-0.475269
-0.509425
-0.542315
-0.573857
-0.603971
-0.632585
-0.659625
-0.685026
-0.708723
-0.730659
-0.750778
-0.76903
-0.785371
-0.799759
-0.812159
-0.822539
-0.830875
-0.837145
-0.841333
-0.84343
-0.84343
-0.841333
-0.837145
-0.830875
-0.822539
-0.812159
-0.799759
-0.785371
-0.76903
-0.750778
-0.730659
-0.708723
-0.685026
-0.659625
-0.632585
-0.603971
-0.573857
-0.542315
-0.509425
-0.475269
-0.439931
-0.403499
-0.366064
-0.327719
-0.28856
-0.248683
-0.208187
-0.167174
-0.125746
-0.0840046
-0.0420546
-1.06058e-16
0
-0.040792
-0.0814827
-0.121971
-0.162156
-0.201937
-0.241217
-0.279897
-0.317881
-0.355075
-0.391386
-0.426723
-0.461
-0.494131
-0.526034
-0.556628
-0.585839
-0.613593
-0.639822
-0.66446
-0.687446
-0.708723
-0.728238
-0.745943
-0.761793
-0.775749
-0.787776
-0.797845
-0.805931
-0.812012
-0.816075
-0.818109
-0.818109
-0.816075
-0.812012
-0.805931
-0.797845
-0.787776
-0.775749
-0.761793
-0.745943
-0.728238
-0.708723
-0.687446
-0.66446
-0.639822
-0.613593
-0.585839
-0.556628
-0.526034
-0.494131
-0.461
-0.426723
-0.391386
-0.355075
-0.317881
-0.279897
-0.241217
-0.201937
-0.162156
-0.121971
-0.0814827
-0.040792
-1.02874e-16
0
-0.0394281
-0.0787581
-0.117892
-0.156734
-0.195185
-0.233151
-0.270538
-0.307252
-0.343202
-0.378299
-0.412455
-0.445586
-0.477609
-0.508445
-0.538016
-0.56625
-0.593077
-0.618428
-0.642243
-0.66446
-0.685026
-0.703888
-0.721001
-0.736321
-0.74981
-0.761436
-0.771168
-0.778983
-0.784861
-0.788788
-0.790754
-0.790754
-0.788788
-0.784861
-0.778983
-0.771168
-0.761436
-0.74981
-0.736321
-0.721001
-0.703888
-0.685026
-0.66446
-0.642243
-0.618428
-0.593077
-0.56625
-0.538016
-0.508445
-0.477609
-0.445586
-0.412455
-0.378299
-0.343202
-0.307252
-0.270538
-0.233151
-0.195185
-0.156734
-0.117892
-0.0787581
-0.0394281
-9.94337e-17
0
-0.0379661
-0.0758378
-0.113521
-0.150922
-0.187948
-0.224506
-0.260506
-0.295859
-0.330476
-0.364272
-0.397161
-0.429064
-0.459899
-0.489592
-0.518067
-0.545254
-0.571086
-0.595497
-0.618428
-0.639822
-0.659625
-0.677788
-0.694266
-0.709018
-0.722007
-0.733202
-0.742573
-0.750098
-0.755758
-0.75954
-0.761433
-0.761433
-0.75954
-0.755758
-0.750098
-0.742573
-0.733202
-0.722007
-0.709018
-0.694266
-0.677788
-0.659625
-0.639822
-0.618428
-0.595497
-0.571086
-0.545254
-0.518067
-0.489592
-0.459899
-0.429064
-0.397161
-0.364272
-0.330476
-0.295859
-0.260506
-0.224506
-0.187948
-0.150922
-0.113521
-0.0758378
-0.0379661
-9.57467e-17
0
-0.0364097
-0.0727289
-0.108867
-0.144735
-0.180243
-0.215303
-0.249827
-0.283731
-0.316929
-0.349339
-0.38088
-0.411475
-0.441046
-0.469522
-0.496829
-0.522902
-0.547675
-0.571086
-0.593077
-0.613593
-0.632585
-0.650003
-0.665806
-0.679953
-0.69241
-0.703145
-0.712132
-0.719349
-0.724777
-0.728403
-0.730219
-0.730219
-0.728403
-0.724777
-0.719349
-0.712132
-0.703145
-0.69241
-0.679953
-0.665806
-0.650003
-0.632585
-0.613593
-0.593077
-0.571086
-0.547675
-0.522902
-0.496829
-0.469522
-0.441046
-0.411475
-0.38088
-0.349339
-0.316929
-0.283731
-0.249827
-0.215303
-0.180243
-0.144735
-0.108867
-0.0727289
-0.0364097
-9.18217e-17
0
-0.0347628
-0.0694392
-0.103943
-0.138188
-0.17209
-0.205564
-0.238527
-0.270897
-0.302593
-0.333537
-0.363652
-0.392863
-0.421097
-0.448284
-0.474357
-0.49925
-0.522902
-0.545254
-0.56625
-0.585839
-0.603971
-0.620602
-0.63569
-0.649197
-0.66109
-0.67134
-0.679921
-0.686811
-0.691994
-0.695456
-0.697189
-0.697189
-0.695456
-0.691994
-0.686811
-0.679921
-0.67134
-0.66109
-0.649197
-0.63569
-0.620602
-0.603971
-0.585839
-0.56625
-0.545254
-0.522902
-0.49925
-0.474357
-0.448284
-0.421097
-0.392863
-0.363652
-0.333537
-0.302593
-0.270897
-0.238527
-0.205564
-0.17209
-0.138188
-0.103943
-0.0694392
-0.0347628
-8.76684e-17
0
-0.0330295
-0.0659769
-0.0987602
-0.131298
-0.163509
-0.195314
-0.226634
-0.257389
-0.287505
-0.316907
-0.34552
-0.373274
-0.4001
-0.425932
-0.450705
-0.474357
-0.496829
-0.518067
-0.538016
-0.556628
-0.573857
-0.589658
-0.603993
-0.616827
-0.628127
-0.637866
-0.646019
-0.652566
-0.65749
-0.66078
-0.662426
-0.662426
-0.66078
-0.65749
-0.652566
-0.646019
-0.637866
-0.628127
-0.616827
-0.603993
-0.589658
-0.573857
-0.556628
-0.538016
-0.518067
-0.496829
-0.474357
-0.450705
-0.425932
-0.4001
-0.373274
-0.34552
-0.316907
-0.287505
-0.257389
-0.226634
-0.195314
-0.163509
-0.131298
-0.0987602
-0.0659769
-0.0330295
-8.32971e-17
0
-0.0312141
-0.0623505
-0.093332
-0.124081
-0.154522
-0.184579
-0.214177
-0.243242
-0.271703
-0.299488
-0.326529
-0.352757
-0.378109
-0.402521
-0.425932
-0.448284
-0.469522
-0.489592
-0.508445
-0.526034
-0.542315
-0.557248
-0.570795
-0.582924
-0.593603
-0.602806
-0.610511
-0.616698
-0.621351
-0.62446
-0.626017
-0.626017
-0.62446
-0.621351
-0.616698
-0.610511
-0.602806
-0.593603
-0.582924
-0.570795
-0.557248
-0.542315
-0.526034
-0.508445
-0.489592
-0.469522
-0.448284
-0.425932
-0.402521
-0.378109
-0.352757
-0.326529
-0.299488
-0.271703
-0.243242
-0.214177
-0.184579
-0.154522
-0.124081
-0.093332
-0.0623505
-0.0312141
-7.87188e-17
0
-0.029321
-0.0585691
-0.0876717
-0.116556
-0.145151
-0.173385
-0.201188
-0.22849
-0.255225
-0.281325
-0.306726
-0.331364
-0.355178
-0.378109
-0.4001
-0.421097
-0.441046
-0.459899
-0.477609
-0.494131
-0.509425
-0.523452
-0.536178
-0.547571
-0.557603
-0.566248
-0.573485
-0.579297
-0.583668
-0.586589
-0.588051
-0.588051
-0.586589
-0.583668
-0.579297
-0.573485
-0.566248
-0.557603
-0.547571
-0.536178
-0.523452
-0.509425
-0.494131
-0.477609
-0.459899
-0.441046
-0.421097
-0.4001
-0.378109
-0.355178
-0.331364
-0.306726
-0.281325
-0.255225
-0.22849
-0.201188
-0.173385
-0.145151
-0.116556
-0.0876717
-0.0585691
-0.029321
-7.39447e-17
0
-0.0273551
-0.0546422
-0.0817934
-0.108741
-0.135419
-0.16176
-0.187698
-0.21317
-0.238112
-0.262463
-0.28616
-0.309146
-0.331364
-0.352757
-0.373274
-0.392863
-0.411475
-0.429064
-0.445586
-0.461
-0.475269
-0.488356
-0.500228
-0.510857
-0.520216
-0.528282
-0.535034
-0.540456
-0.544534
-0.547259
-0.548623
-0.548623
-0.547259
-0.544534
-0.540456
-0.535034
-0.528282
-0.520216
-0.510857
-0.500228
-0.488356
-0.475269
-0.461
-0.445586
-0.429064
-0.411475
-0.392863
-0.373274
-0.352757
-0.331364
-0.309146
-0.28616
-0.262463
-0.238112
-0.21317
-0.187698
-0.16176
-0.135419
-0.108741
-0.0817934
-0.0546422
-0.0273551
-6.89868e-17
0
-0.0253211
-0.0505793
-0.0757117
-0.100656
-0.12535
-0.149732
-0.173742
-0.19732
-0.220408
-0.242947
-0.264883
-0.28616
-0.306726
-0.326529
-0.34552
-0.363652
-0.38088
-0.397161
-0.412455
-0.426723
-0.439931
-0.452045
-0.463034
-0.472873
-0.481536
-0.489002
-0.495252
-0.500271
-0.504046
-0.506568
-0.507831
-0.507831
-0.506568
-0.504046
-0.500271
-0.495252
-0.489002
-0.481536
-0.472873
-0.463034
-0.452045
-0.439931
-0.426723
-0.412455
-0.397161
-0.38088
-0.363652
-0.34552
-0.326529
-0.306726
-0.28616
-0.264883
-0.242947
-0.220408
-0.19732
-0.173742
-0.149732
-0.12535
-0.100656
-0.0757117
-0.0505793
-0.0253211
-6.38574e-17
0
-0.0232242
-0.0463907
-0.0694419
-0.0923204
-0.114969
-0.137333
-0.159354
-0.18098
-0.202155
-0.222828
-0.242947
-0.262463
-0.281325
-0.299488
-0.316907
-0.333537
-0.349339
-0.364272
-0.378299
-0.391386
-0.403499
-0.41461
-0.424689
-0.433713
-0.441659
-0.448507
-0.454239
-0.458842
-0.462305
-0.464618
-0.465776
-0.465776
-0.464618
-0.462305
-0.458842
-0.454239
-0.448507
-0.441659
-0.433713
-0.424689
-0.41461
-0.403499
-0.391386
-0.378299
-0.364272
-0.349339
-0.333537
-0.316907
-0.299488
-0.281325
-0.262463
-0.242947
-0.222828
-0.202155
-0.18098
-0.159354
-0.137333
-0.114969
-0.0923204
-0.0694419
-0.0463907
-0.0232242
-5.85692e-17
0
-0.0210696
-0.0420868
-0.0629994
-0.0837553
-0.104303
-0.124591
-0.14457
-0.164189
-0.1834
-0.202155
-0.220408
-0.238112
-0.255225
-0.271703
-0.287505
-0.302593
-0.316929
-0.330476
-0.343202
-0.355075
-0.366064
-0.376144
-0.385289
-0.393475
-0.400684
-0.406896
-0.412097
-0.416273
-0.419414
-0.421513
-0.422563
-0.422563
-0.421513
-0.419414
-0.416273
-0.412097
-0.406896
-0.400684
-0.393475
-0.385289
-0.376144
-0.366064
-0.355075
-0.343202
-0.330476
-0.316929
-0.302593
-0.287505
-0.271703
-0.255225
-0.238112
-0.220408
-0.202155
-0.1834
-0.164189
-0.14457
-0.124591
-0.104303
-0.0837553
-0.0629994
-0.0420868
-0.0210696
-5.31354e-17
0
-0.0188626
-0.0376782
-0.0564003
-0.074982
-0.0933774
-0.111541
-0.129427
-0.146991
-0.164189
-0.18098
-0.19732
-0.21317
-0.22849
-0.243242
-0.257389
-0.270897
-0.283731
-0.295859
-0.307252
-0.317881
-0.327719
-0.336743
-0.34493
-0.352259
-0.358713
-0.364274
-0.36893
-0.372669
-0.375481
-0.37736
-0.3783
-0.3783
-0.37736
-0.375481
-0.372669
-0.36893
-0.364274
-0.358713
-0.352259
-0.34493
-0.336743
-0.327719
-0.317881
-0.307252
-0.295859
-0.283731
-0.270897
-0.257389
-0.243242
-0.22849
-0.21317
-0.19732
-0.18098
-0.164189
-0.146991
-0.129427
-0.111541
-0.0933774
-0.074982
-0.0564003
-0.0376782
-0.0188626
-4.75695e-17
0
-0.0166087
-0.033176
-0.0496609
-0.0660223
-0.0822196
-0.0982125
-0.113961
-0.129427
-0.14457
-0.159354
-0.173742
-0.187698
-0.201188
-0.214177
-0.226634
-0.238527
-0.249827
-0.260506
-0.270538
-0.279897
-0.28856
-0.296505
-0.303714
-0.310167
-0.31585
-0.320747
-0.324846
-0.328138
-0.330614
-0.332268
-0.333097
-0.333097
-0.332268
-0.330614
-0.328138
-0.324846
-0.320747
-0.31585
-0.310167
-0.303714
-0.296505
-0.28856
-0.279897
-0.270538
-0.260506
-0.249827
-0.238527
-0.226634
-0.214177
-0.201188
-0.187698
-0.173742
-0.159354
-0.14457
-0.129427
-0.113961
-0.0982125
-0.0822196
-0.0660223
-0.0496609
-0.033176
-0.0166087
-4.18854e-17
0
-0.0143134
-0.0285913
-0.0427981
-0.0568985
-0.0708574
-0.0846401
-0.0982125
-0.111541
-0.124591
-0.137333
-0.149732
-0.16176
-0.173385
-0.184579
-0.195314
-0.205564
-0.215303
-0.224506
-0.233151
-0.241217
-0.248683
-0.25553
-0.261743
-0.267304
-0.272201
-0.276421
-0.279954
-0.282792
-0.284925
-0.286351
-0.287065
-0.287065
-0.286351
-0.284925
-0.282792
-0.279954
-0.276421
-0.272201
-0.267304
-0.261743
-0.25553
-0.248683
-0.241217
-0.233151
-0.224506
-0.215303
-0.205564
-0.195314
-0.184579
-0.173385
-0.16176
-0.149732
-0.137333
-0.124591
-0.111541
-0.0982125
-0.0846401
-0.0708574
-0.0568985
-0.0427981
-0.0285913
-0.0143134
-3.60971e-17
0
-0.0119827
-0.0239355
-0.0358289
-0.0476331
-0.059319
-0.0708574
-0.0822196
-0.0933774
-0.104303
-0.114969
-0.12535
-0.135419
-0.145151
-0.154522
-0.163509
-0.17209
-0.180243
-0.187948
-0.195185
-0.201937
-0.208187
-0.21392
-0.219121
-0.223776
-0.227876
-0.231409
-0.234367
-0.236742
-0.238528
-0.239722
-0.240319
-0.240319
-0.239722
-0.238528
-0.236742
-0.234367
-0.231409
-0.227876
-0.223776
-0.219121
-0.21392
-0.208187
-0.201937
-0.195185
-0.187948
-0.180243
-0.17209
-0.163509
-0.154522
-0.145151
-0.135419
-0.12535
-0.114969
-0.104303
-0.0933774
-0.0822196
-0.0708574
-0.059319
-0.0476331
-0.0358289
-0.0239355
-0.0119827
-3.02191e-17
0
-0.00962207
-0.0192202
-0.0287706
-0.0382494
-0.0476331
-0.0568985
-0.0660223
-0.074982
-0.0837553
-0.0923204
-0.100656
-0.108741
-0.116556
-0.124081
-0.131298
-0.138188
-0.144735
-0.150922
-0.156734
-0.162156
-0.167174
-0.171778
-0.175954
-0.179692
-0.182984
-0.185821
-0.188197
-0.190104
-0.191538
-0.192497
-0.192976
-0.192976
-0.192497
-0.191538
-0.190104
-0.188197
-0.185821
-0.182984
-0.179692
-0.175954
-0.171778
-0.167174
-0.162156
-0.156734
-0.150922
-0.144735
-0.138188
-0.131298
-0.124081
-0.116556
-0.108741
-0.100656
-0.0923204
-0.0837553
-0.074982
-0.0660223
-0.0568985
-0.0476331
-0.0382494
-0.0287706
-0.0192202
-0.00962207
-2.42659e-17
0
-0.00723756
-0.0144571
-0.0216408
-0.0287706
-0.0358289
-0.0427981
-0.0496609
-0.0564003
-0.0629994
-0.0694419
-0.0757117
-0.0817934
-0.0876717
-0.093332
-0.0987602
-0.103943
-0.108867
-0.113521
-0.117892
-0.121971
-0.125746
-0.129208
-0.13235
-0.135162
-0.137638
-0.139772
-0.141558
-0.142993
-0.144072
-0.144793
-0.145154
-0.145154
-0.144793
-0.144072
-0.142993
-0.141558
-0.139772
-0.137638
-0.135162
-0.13235
-0.129208
-0.125746
-0.121971
-0.117892
-0.113521
-0.108867
-0.103943
-0.0987602
-0.093332
-0.0876717
-0.0817934
-0.0757117
-0.0694419
-0.0629994
-0.0564003
-0.0496609
-0.0427981
-0.0358289
-0.0287706
-0.0216408
-0.0144571
-0.00723756
-1.82524e-17
0
-0.00483506
-0.0096581
-0.0144571
-0.0192202
-0.0239355
-0.0285913
-0.033176
-0.0376782
-0.0420868
-0.0463907
-0.0505793
-0.0546422
-0.0585691
-0.0623505
-0.0659769
-0.0694392
-0.0727289
-0.0758378
-0.0787581
-0.0814827
-0.0840046
-0.0863177
-0.0884162
-0.0902949
-0.0919491
-0.0933747
-0.0945682
-0.0955265
-0.0962474
-0.096729
-0.09697
-0.09697
-0.096729
-0.0962474
-0.0955265
-0.0945682
-0.0933747
-0.0919491
-0.0902949
-0.0884162
-0.0863177
-0.0840046
-0.0814827
-0.0787581
-0.0758378
-0.0727289
-0.0694392
-0.0659769
-0.0623505
-0.0585691
-0.0546422
-0.0505793
-0.0463907
-0.0420868
-0.0376782
-0.033176
-0.0285913
-0.0239355
-0.0192202
-0.0144571
-0.0096581
-0.00483506
-1.21935e-17
0
-0.00242054
-0.00483506
-0.00723756
-0.00962207
-0.0119827
-0.0143134
-0.0166087
-0.0188626
-0.0210696
-0.0232242
-0.0253211
-0.0273551
-0.029321
-0.0312141
-0.0330295
-0.0347628
-0.0364097
-0.0379661
-0.0394281
-0.040792
-0.0420546
-0.0432126
-0.0442631
-0.0452037
-0.0460318
-0.0467455
-0.0473429
-0.0478227
-0.0481836
-0.0484247
-0.0485454
-0.0485454
-0.0484247
-0.0481836
-0.0478227
-0.0473429
-0.0467455
-0.0460318
-0.0452037
-0.0442631
-0.0432126
-0.0420546
-0.040792
-0.0394281
-0.0379661
-0.0364097
-0.0347628
-0.0330295
-0.0312141
-0.029321
-0.0273551
-0.0253211
-0.0232242
-0.0210696
-0.0188626
-0.0166087
-0.0143134
-0.0119827
-0.00962207
-0.00723756
-0.00483506
-0.00242054
-6.10436e-18
0
-6.10436e-18
-1.21935e-17
-1.82524e-17
-2.42659e-17
-3.02191e-17
-3.60971e-17
-4.18854e-17
-4.75695e-17
-5.31354e-17
-5.85692e-17
-6.38574e-17
-6.89868e-17
-7.39447e-17
-7.87188e-17
-8.32971e-17
-8.76684e-17
-9.18217e-17
-9.57467e-17
-9.94337e-17
-1.02874e-16
-1.06058e-16
-1.08978e-16
-1.11627e-16
-1.13999e-16
-1.16088e-16
-1.17887e-16
-1.19394e-16
-1.20604e-16
-1.21514e-16
-1.22122e-16
-1.22427e-16
-1.22427e-16
-1.22122e-16
-1.21514e-16
-1.20604e-16
-1.19394e-16
-1.17887e-16
-1.16088e-16
-1.13999e-16
-1.11627e-16
-1.08978e-16
-1.06058e-16
-1.02874e-16
-9.94337e-17
-9.57467e-17
-9.18217e-17
-8.76684e-17
-8.32971e-17
-7.87188e-17
-7.39447e-17
-6.89868e-17
-6.38574e-17
-5.85692e-17
-5.31354e-17
-4.75695e-17
-4.18854e-17
-3.60971e-17
-3.02191e-17
-2.42659e-17
-1.82524e-17
-1.21935e-17
-6.10436e-18
-1.49976e-32
