64
0
0
0
0
0
0
0
0
0
0
0
0
0
0
0
0
0
0
0
0
0
0
0
0
0
0
0
0
0
0
0
0
0
0
0
0
0
0
0
0
0
0
0
0
0
0
0
0
0
0
0
0
0
0
0
0
0
0
0
0
0
0
0
0
0
-0.00236105
-0.00471624
-0.00705969
-0.0093856
-0.0116882
-0.0139617
-0.0162005
-0.018399
-0.0205518
-0.0226535
-0.0246989
-0.0266828
-0.0286004
-0.030447
-0.0322178
-0.0339085
-0.0355149
-0.0370331
-0.0384591
-0.0397896
-0.0410211
-0.0421506
-0.0431754
-0.0440928
-0.0449005
-0.0455967
-0.0461795
-0.0466475
-0.0469995
-0.0472346
-0.0473523
-0.0473523
-0.0472346
-0.0469995
-0.0466475
-0.0461795
-0.0455967
-0.0449005
-0.0440928
-0.0431754
-0.0421506
-0.0410211
-0.0397896
-0.0384591
-0.0370331
-0.0355149
-0.0339085
-0.0322178
-0.030447
-0.0286004
-0.0266828
-0.0246989
-0.0226535
-0.0205518
-0.018399
-0.0162005
-0.0139617
-0.0116882
-0.0093856
-0.00705969
-0.00471624
-0.00236105
-6.10436e-18
0
-0.00471624
-0.00942075
-0.0141018
-0.0187479
-0.0233473
-0.0278887
-0.0323607
-0.0367523
-0.0410525
-0.0452507
-0.0493363
-0.0532993
-0.0571298
-0.0608182
-0.0643555
-0.0677327
-0.0709416
-0.0739741
-0.0768226
-0.0794802
-0.0819402
-0.0841964
-0.0862434
-0.0880759
-0.0896894
-0.09108
-0.0922441
-0.0931789
-0.0938821
-0.0943518
-0.094587
-0.094587
-0.0943518
-0.0938821
-0.0931789
-0.0922441
-0.09108
-0.0896894
-0.0880759
-0.0862434
-0.0841964
-0.0819402
-0.0794802
-0.0768226
-0.0739741
-0.0709416
-0.0677327
-0.0643555
-0.0608182
-0.0571298
-0.0532993
-0.0493363
-0.0452507
-0.0410525
-0.0367523
-0.0323607
-0.0278887
-0.0233473
-0.0187479
-0.0141018
-0.00942075
-0.00471624
-1.21935e-17
0
-0.00705969
-0.0141018
-0.0211089
-0.0280635
-0.0349484
-0.0417463
-0.0484405
-0.0550142
-0.0614511
-0.0677353
-0.0738511
-0.0797833
-0.0855171
-0.0910383
-0.0963332
-0.101389
-0.106192
-0.110731
-0.114995
-0.118973
-0.122656
-0.126033
-0.129097
-0.13184
-0.134255
-0.136337
-0.138079
-0.139479
-0.140531
-0.141234
-0.141586
-0.141586
-0.141234
-0.140531
-0.139479
-0.138079
-0.136337
-0.134255
-0.13184
-0.129097
-0.126033
-0.122656
-0.118973
-0.114995
-0.110731
-0.106192
-0.101389
-0.0963332
-0.0910383
-0.0855171
-0.0797833
-0.0738511
-0.0677353
-0.0614511
-0.0550142
-0.0484405
-0.0417463
-0.0349484
-0.0280635
-0.0211089
-0.0141018
-0.00705969
-1.82524e-17
0
-0.0093856
-0.0187479
-0.0280635
-0.0373094
-0.0464625
-0.0555002
-0.0643998
-0.0731393
-0.081697
-0.0900516
-0.0981823
-0.106069
-0.113692
-0.121032
-0.128071
-0.134792
-0.141178
-0.147213
-0.152882
-0.15817
-0.163066
-0.167556
-0.17163
-0.175276
-0.178488
-0.181255
-0.183572
-0.185432
-0.186831
-0.187766
-0.188234
-0.188234
-0.187766
-0.186831
-0.185432
-0.183572
-0.181255
-0.178488
-0.175276
-0.17163
-0.167556
-0.163066
-0.15817
-0.152882
-0.147213
-0.141178
-0.134792
-0.128071
-0.121032
-0.113692
-0.106069
-0.0981823
-0.0900516
-0.081697
-0.0731393
-0.0643998
-0.0555002
-0.0464625
-0.0373094
-0.0280635
-0.0187479
-0.0093856
-2.42659e-17
0
-0.0116882
-0.0233473
-0.0349484
-0.0464625
-0.0578612
-0.069116
-0.080199
-0.0910826
-0.10174
-0.112144
-0.122269
-0.132091
-0.141584
-0.150725
-0.159491
-0.167861
-0.175813
-0.183329
-0.190388
-0.196975
-0.203071
-0.208663
-0.213736
-0.218277
-0.222276
-0.225722
-0.228607
-0.230924
-0.232666
-0.233831
-0.234413
-0.234413
-0.233831
-0.232666
-0.230924
-0.228607
-0.225722
-0.222276
-0.218277
-0.213736
-0.208663
-0.203071
-0.196975
-0.190388
-0.183329
-0.175813
-0.167861
-0.159491
-0.150725
-0.141584
-0.132091
-0.122269
-0.112144
-0.10174
-0.0910826
-0.080199
-0.069116
-0.0578612
-0.0464625
-0.0349484
-0.0233473
-0.0116882
-3.02191e-17
0
-0.0139617
-0.0278887
-0.0417463
-0.0555002
-0.069116
-0.0825601
-0.0957988
-0.108799
-0.12153
-0.133958
-0.146052
-0.157784
-0.169124
-0.180043
-0.190514
-0.200512
-0.210012
-0.218989
-0.227421
-0.235289
-0.242571
-0.249251
-0.25531
-0.260735
-0.265512
-0.269628
-0.273074
-0.275842
-0.277923
-0.279314
-0.28001
-0.28001
-0.279314
-0.277923
-0.275842
-0.273074
-0.269628
-0.265512
-0.260735
-0.25531
-0.249251
-0.242571
-0.235289
-0.227421
-0.218989
-0.210012
-0.200512
-0.190514
-0.180043
-0.169124
-0.157784
-0.146052
-0.133958
-0.12153
-0.108799
-0.0957988
-0.0825601
-0.069116
-0.0555002
-0.0417463
-0.0278887
-0.0139617
-3.60971e-17
0
-0.0162005
-0.0323607
-0.0484405
-0.0643998
-0.080199
-0.0957988
-0.111161
-0.126246
-0.141017
-0.155438
-0.169472
-0.183086
-0.196243
-0.208913
-0.221064
-0.232665
-0.243688
-0.254104
-0.263889
-0.273018
-0.281468
-0.289219
-0.29625
-0.302545
-0.308087
-0.312864
-0.316863
-0.320074
-0.322489
-0.324103
-0.324911
-0.324911
-0.324103
-0.322489
-0.320074
-0.316863
-0.312864
-0.308087
-0.302545
-0.29625
-0.289219
-0.281468
-0.273018
-0.263889
-0.254104
-0.243688
-0.232665
-0.221064
-0.208913
-0.196243
-0.183086
-0.169472
-0.155438
-0.141017
-0.126246
-0.111161
-0.0957988
-0.080199
-0.0643998
-0.0484405
-0.0323607
-0.0162005
-4.18854e-17
0
-0.018399
-0.0367523
-0.0550142
-0.0731393
-0.0910826
-0.108799
-0.126246
-0.143378
-0.160154
-0.176532
-0.192471
-0.207932
-0.222875
-0.237265
-0.251064
-0.264239
-0.276758
-0.288588
-0.299701
-0.310069
-0.319666
-0.328468
-0.336453
-0.343602
-0.349897
-0.355322
-0.359864
-0.36351
-0.366253
-0.368086
-0.369003
-0.369003
-0.368086
-0.366253
-0.36351
-0.359864
-0.355322
-0.349897
-0.343602
-0.336453
-0.328468
-0.319666
-0.310069
-0.299701
-0.288588
-0.276758
-0.264239
-0.251064
-0.237265
-0.222875
-0.207932
-0.192471
-0.176532
-0.160154
-0.143378
-0.126246
-0.108799
-0.0910826
-0.0731393
-0.0550142
-0.0367523
-0.018399
-4.75695e-17
0
-0.0205518
-0.0410525
-0.0614511
-0.081697
-0.10174
-0.12153
-0.141017
-0.160154
-0.178893
-0.197187
-0.214991
-0.232261
-0.248953
-0.265026
-0.28044
-0.295157
-0.30914
-0.322354
-0.334768
-0.346348
-0.357068
-0.3669
-0.37582
-0.383806
-0.390837
-0.396897
-0.401969
-0.406043
-0.409107
-0.411154
-0.412179
-0.412179
-0.411154
-0.409107
-0.406043
-0.401969
-0.396897
-0.390837
-0.383806
-0.37582
-0.3669
-0.357068
-0.346348
-0.334768
-0.322354
-0.30914
-0.295157
-0.28044
-0.265026
-0.248953
-0.232261
-0.214991
-0.197187
-0.178893
-0.160154
-0.141017
-0.12153
-0.10174
-0.081697
-0.0614511
-0.0410525
-0.0205518
-5.31354e-17
0
-0.0226535
-0.0452507
-0.0677353
-0.0900516
-0.112144
-0.133958
-0.155438
-0.176532
-0.197187
-0.217352
-0.236977
-0.256012
-0.274411
-0.292128
-0.309118
-0.32534
-0.340753
-0.355319
-0.369002
-0.381767
-0.393583
-0.404421
-0.414253
-0.423055
-0.430805
-0.437484
-0.443076
-0.447566
-0.450944
-0.4532
-0.454329
-0.454329
-0.4532
-0.450944
-0.447566
-0.443076
-0.437484
-0.430805
-0.423055
-0.414253
-0.404421
-0.393583
-0.381767
-0.369002
-0.355319
-0.340753
-0.32534
-0.309118
-0.292128
-0.274411
-0.256012
-0.236977
-0.217352
-0.197187
-0.176532
-0.155438
-0.133958
-0.112144
-0.0900516
-0.0677353
-0.0452507
-0.0226535
-5.85692e-17
0
-0.0246989
-0.0493363
-0.0738511
-0.0981823
-0.122269
-0.146052
-0.169472
-0.192471
-0.214991
-0.236977
-0.258373
-0.279128
-0.299188
-0.318504
-0.337029
-0.354715
-0.37152
-0.387401
-0.402319
-0.416237
-0.429119
-0.440935
-0.451655
-0.461252
-0.469702
-0.476985
-0.483081
-0.487977
-0.491659
-0.494119
-0.49535
-0.49535
-0.494119
-0.491659
-0.487977
-0.483081
-0.476985
-0.469702
-0.461252
-0.451655
-0.440935
-0.429119
-0.416237
-0.402319
-0.387401
-0.37152
-0.354715
-0.337029
-0.318504
-0.299188
-0.279128
-0.258373
-0.236977
-0.214991
-0.192471
-0.169472
-0.146052
-0.122269
-0.0981823
-0.0738511
-0.0493363
-0.0246989
-6.38574e-17
0
-0.0266828
-0.0532993
-0.0797833
-0.106069
-0.132091
-0.157784
-0.183086
-0.207932
-0.232261
-0.256012
-0.279128
-0.301549
-0.32322
-0.344088
-0.364101
-0.383208
-0.401363
-0.418519
-0.434636
-0.449671
-0.463589
-0.476354
-0.487935
-0.498303
-0.507432
-0.515299
-0.521885
-0.527174
-0.531152
-0.53381
-0.53514
-0.53514
-0.53381
-0.531152
-0.527174
-0.521885
-0.515299
-0.507432
-0.498303
-0.487935
-0.476354
-0.463589
-0.449671
-0.434636
-0.418519
-0.401363
-0.383208
-0.364101
-0.344088
-0.32322
-0.301549
-0.279128
-0.256012
-0.232261
-0.207932
-0.183086
-0.157784
-0.132091
-0.106069
-0.0797833
-0.0532993
-0.0266828
-6.89868e-17
0
-0.0286004
-0.0571298
-0.0855171
-0.113692
-0.141584
-0.169124
-0.196243
-0.222875
-0.248953
-0.274411
-0.299188
-0.32322
-0.346449
-0.368817
-0.390268
-0.410748
-0.430208
-0.448597
-0.465872
-0.481988
-0.496906
-0.510588
-0.523001
-0.534114
-0.543899
-0.552332
-0.559392
-0.56506
-0.569324
-0.572173
-0.573599
-0.573599
-0.572173
-0.569324
-0.56506
-0.559392
-0.552332
-0.543899
-0.534114
-0.523001
-0.510588
-0.496906
-0.481988
-0.465872
-0.448597
-0.430208
-0.410748
-0.390268
-0.368817
-0.346449
-0.32322
-0.299188
-0.274411
-0.248953
-0.222875
-0.196243
-0.169124
-0.141584
-0.113692
-0.0855171
-0.0571298
-0.0286004
-7.39447e-17
0
-0.030447
-0.0608182
-0.0910383
-0.121032
-0.150725
-0.180043
-0.208913
-0.237265
-0.265026
-0.292128
-0.318504
-0.344088
-0.368817
-0.392629
-0.415464
-0.437267
-0.457983
-0.47756
-0.49595
-0.513106
-0.528987
-0.543553
-0.556768
-0.568598
-0.579015
-0.587992
-0.595507
-0.601542
-0.606082
-0.609114
-0.610632
-0.610632
-0.609114
-0.606082
-0.601542
-0.595507
-0.587992
-0.579015
-0.568598
-0.556768
-0.543553
-0.528987
-0.513106
-0.49595
-0.47756
-0.457983
-0.437267
-0.415464
-0.392629
-0.368817
-0.344088
-0.318504
-0.292128
-0.265026
-0.237265
-0.208913
-0.180043
-0.150725
-0.121032
-0.0910383
-0.0608182
-0.030447
-7.87188e-17
0
-0.0322178
-0.0643555
-0.0963332
-0.128071
-0.159491
-0.190514
-0.221064
-0.251064
-0.28044
-0.309118
-0.337029
-0.364101
-0.390268
-0.415464
-0.439628
-0.462699
-0.48462
-0.505335
-0.524794
-0.542949
-0.559754
-0.575167
-0.58915
-0.601668
-0.612691
-0.62219
-0.630143
-0.636528
-0.641332
-0.644541
-0.646147
-0.646147
-0.644541
-0.641332
-0.636528
-0.630143
-0.62219
-0.612691
-0.601668
-0.58915
-0.575167
-0.559754
-0.542949
-0.524794
-0.505335
-0.48462
-0.462699
-0.439628
-0.415464
-0.390268
-0.364101
-0.337029
-0.309118
-0.28044
-0.251064
-0.221064
-0.190514
-0.159491
-0.128071
-0.0963332
-0.0643555
-0.0322178
-8.32971e-17
0
-0.0339085
-0.0677327
-0.101389
-0.134792
-0.167861
-0.200512
-0.232665
-0.264239
-0.295157
-0.32534
-0.354715
-0.383208
-0.410748
-0.437267
-0.462699
-0.486981
-0.510051
-0.531854
-0.552335
-0.571442
-0.589129
-0.60535
-0.620067
-0.633243
-0.644844
-0.654842
-0.663211
-0.669932
-0.674988
-0.678365
-0.680056
-0.680056
-0.678365
-0.674988
-0.669932
-0.663211
-0.654842
-0.644844
-0.633243
-0.620067
-0.60535
-0.589129
-0.571442
-0.552335
-0.531854
-0.510051
-0.486981
-0.462699
-0.437267
-0.410748
-0.383208
-0.354715
-0.32534
-0.295157
-0.264239
-0.232665
-0.200512
-0.167861
-0.134792
-0.101389
-0.0677327
-0.0339085
-8.76684e-17
0
-0.0355149
-0.0709416
-0.106192
-0.141178
-0.175813
-0.210012
-0.243688
-0.276758
-0.30914
-0.340753
-0.37152
-0.401363
-0.430208
-0.457983
-0.48462
-0.510051
-0.534215
-0.557051
-0.578502
-0.598514
-0.617039
-0.634029
-0.649443
-0.663243
-0.675393
-0.685865
-0.694631
-0.70167
-0.706965
-0.710503
-0.712273
-0.712273
-0.710503
-0.706965
-0.70167
-0.694631
-0.685865
-0.675393
-0.663243
-0.649443
-0.634029
-0.617039
-0.598514
-0.578502
-0.557051
-0.534215
-0.510051
-0.48462
-0.457983
-0.430208
-0.401363
-0.37152
-0.340753
-0.30914
-0.276758
-0.243688
-0.210012
-0.175813
-0.141178
-0.106192
-0.0709416
-0.0355149
-9.18217e-17
0
-0.0370331
-0.0739741
-0.110731
-0.147213
-0.183329
-0.218989
-0.254104
-0.288588
-0.322354
-0.355319
-0.387401
-0.418519
-0.448597
-0.47756
-0.505335
-0.531854
-0.557051
-0.580863
-0.60323
-0.624098
-0.643415
-0.661131
-0.677204
-0.691594
-0.704264
-0.715183
-0.724324
-0.731664
-0.737185
-0.740874
-0.74272
-0.74272
-0.740874
-0.737185
-0.731664
-0.724324
-0.715183
-0.704264
-0.691594
-0.677204
-0.661131
-0.643415
-0.624098
-0.60323
-0.580863
-0.557051
-0.531854
-0.505335
-0.47756
-0.448597
-0.418519
-0.387401
-0.355319
-0.322354
-0.288588
-0.254104
-0.218989
-0.183329
-0.147213
-0.110731
-0.0739741
-0.0370331
-9.57467e-17
0
-0.0384591
-0.0768226
-0.114995
-0.152882
-0.190388
-0.227421
-0.263889
-0.299701
-0.334768
-0.369002
-0.402319
-0.434636
-0.465872
-0.49595
-0.524794
-0.552335
-0.578502
-0.60323
-0.626459
-0.648131
-0.668191
-0.68659
-0.703282
-0.718226
-0.731383
-0.742723
-0.752216
-0.759839
-0.765573
-0.769403
-0.771321
-0.771321
-0.769403
-0.765573
-0.759839
-0.752216
-0.742723
-0.731383
-0.718226
-0.703282
-0.68659
-0.668191
-0.648131
-0.626459
-0.60323
-0.578502
-0.552335
-0.524794
-0.49595
-0.465872
-0.434636
-0.402319
-0.369002
-0.334768
-0.299701
-0.263889
-0.227421
-0.190388
-0.152882
-0.114995
-0.0768226
-0.0384591
-9.94337e-17
0
-0.0397896
-0.0794802
-0.118973
-0.15817
-0.196975
-0.235289
-0.273018
-0.310069
-0.346348
-0.381767
-0.416237
-0.449671
-0.481988
-0.513106
-0.542949
-0.571442
-0.598514
-0.624098
-0.648131
-0.670552
-0.691306
-0.710342
-0.727611
-0.743072
-0.756685
-0.768416
-0.778238
-0.786124
-0.792057
-0.79602
-0.798004
-0.798004
-0.79602
-0.792057
-0.786124
-0.778238
-0.768416
-0.756685
-0.743072
-0.727611
-0.710342
-0.691306
-0.670552
-0.648131
-0.624098
-0.598514
-0.571442
-0.542949
-0.513106
-0.481988
-0.449671
-0.416237
-0.381767
-0.346348
-0.310069
-0.273018
-0.235289
-0.196975
-0.15817
-0.118973
-0.0794802
-0.0397896
-1.02874e-16
0
-0.0410211
-0.0819402
-0.122656
-0.163066
-0.203071
-0.242571
-0.281468
-0.319666
-0.357068
-0.393583
-0.429119
-0.463589
-0.496906
-0.528987
-0.559754
-0.589129
-0.617039
-0.643415
-0.668191
-0.691306
-0.712703
-0.732327
-0.750131
-0.76607
-0.780105
-0.7922
-0.802325
-0.810456
-0.816571
-0.820657
-0.822702
-0.822702
-0.820657
-0.816571
-0.810456
-0.802325
-0.7922
-0.780105
-0.76607
-0.750131
-0.732327
-0.712703
-0.691306
-0.668191
-0.643415
-0.617039
-0.589129
-0.559754
-0.528987
-0.496906
-0.463589
-0.429119
-0.393583
-0.357068
-0.319666
-0.281468
-0.242571
-0.203071
-0.163066
-0.122656
-0.0819402
-0.0410211
-1.06058e-16
0
-0.0421506
-0.0841964
-0.126033
-0.167556
-0.208663
-0.249251
-0.289219
-0.328468
-0.3669
-0.404421
-0.440935
-0.476354
-0.510588
-0.543553
-0.575167
-0.60535
-0.634029
-0.661131
-0.68659
-0.710342
-0.732327
-0.752492
-0.770786
-0.787164
-0.801585
-0.814013
-0.824417
-0.832772
-0.839056
-0.843254
-0.845356
-0.845356
-0.843254
-0.839056
-0.832772
-0.824417
-0.814013
-0.801585
-0.787164
-0.770786
-0.752492
-0.732327
-0.710342
-0.68659
-0.661131
-0.634029
-0.60535
-0.575167
-0.543553
-0.510588
-0.476354
-0.440935
-0.404421
-0.3669
-0.328468
-0.289219
-0.249251
-0.208663
-0.167556
-0.126033
-0.0841964
-0.0421506
-1.08978e-16
0
-0.0431754
-0.0862434
-0.129097
-0.17163
-0.213736
-0.25531
-0.29625
-0.336453
-0.37582
-0.414253
-0.451655
-0.487935
-0.523001
-0.556768
-0.58915
-0.620067
-0.649443
-0.677204
-0.703282
-0.727611
-0.750131
-0.770786
-0.789525
-0.806301
-0.821073
-0.833803
-0.84446
-0.853018
-0.859455
-0.863755
-0.865908
-0.865908
-0.863755
-0.859455
-0.853018
-0.84446
-0.833803
-0.821073
-0.806301
-0.789525
-0.770786
-0.750131
-0.727611
-0.703282
-0.677204
-0.649443
-0.620067
-0.58915
-0.556768
-0.523001
-0.487935
-0.451655
-0.414253
-0.37582
-0.336453
-0.29625
-0.25531
-0.213736
-0.17163
-0.129097
-0.0862434
-0.0431754
-1.11627e-16
0
-0.0440928
-0.0880759
-0.13184
-0.175276
-0.218277
-0.260735
-0.302545
-0.343602
-0.383806
-0.423055
-0.461252
-0.498303
-0.534114
-0.568598
-0.601668
-0.633243
-0.663243
-0.691594
-0.718226
-0.743072
-0.76607
-0.787164
-0.806301
-0.823434
-0.838519
-0.85152
-0.862403
-0.871143
-0.877717
-0.882108
-0.884307
-0.884307
-0.882108
-0.877717
-0.871143
-0.862403
-0.85152
-0.838519
-0.823434
-0.806301
-0.787164
-0.76607
-0.743072
-0.718226
-0.691594
-0.663243
-0.633243
-0.601668
-0.568598
-0.534114
-0.498303
-0.461252
-0.423055
-0.383806
-0.343602
-0.302545
-0.260735
-0.218277
-0.175276
-0.13184
-0.0880759
-0.0440928
-1.13999e-16
0
-0.0449005
-0.0896894
-0.134255
-0.178488
-0.222276
-0.265512
-0.308087
-0.349897
-0.390837
-0.430805
-0.469702
-0.507432
-0.543899
-0.579015
-0.612691
-0.644844
-0.675393
-0.704264
-0.731383
-0.756685
-0.780105
-0.801585
-0.821073
-0.838519
-0.853881
-0.86712
-0.878203
-0.887102
-0.893796
-0.898268
-0.900507
-0.900507
-0.898268
-0.893796
-0.887102
-0.878203
-0.86712
-0.853881
-0.838519
-0.821073
-0.801585
-0.780105
-0.756685
-0.731383
-0.704264
-0.675393
-0.644844
-0.612691
-0.579015
-0.543899
-0.507432
-0.469702
-0.430805
-0.390837
-0.349897
-0.308087
-0.265512
-0.222276
-0.178488
-0.134255
-0.0896894
-0.0449005
-1.16088e-16
0
-0.0455967
-0.09108
-0.136337
-0.181255
-0.225722
-0.269628
-0.312864
-0.355322
-0.396897
-0.437484
-0.476985
-0.515299
-0.552332
-0.587992
-0.62219
-0.654842
-0.685865
-0.715183
-0.742723
-0.768416
-0.7922
-0.814013
-0.833803
-0.85152
-0.86712
-0.880564
-0.891818
-0.900856
-0.907654
-0.912195
-0.914469
-0.914469
-0.912195
-0.907654
-0.900856
-0.891818
-0.880564
-0.86712
-0.85152
-0.833803
-0.814013
-0.7922
-0.768416
-0.742723
-0.715183
-0.685865
-0.654842
-0.62219
-0.587992
-0.552332
-0.515299
-0.476985
-0.437484
-0.396897
-0.355322
-0.312864
-0.269628
-0.225722
-0.181255
-0.136337
-0.09108
-0.0455967
-1.17887e-16
0
-0.0461795
-0.0922441
-0.138079
-0.183572
-0.228607
-0.273074
-0.316863
-0.359864
-0.401969
-0.443076
-0.483081
-0.521885
-0.559392
-0.595507
-0.630143
-0.663211
-0.694631
-0.724324
-0.752216
-0.778238
-0.802325
-0.824417
-0.84446
-0.862403
-0.878203
-0.891818
-0.903217
-0.91237
-0.919255
-0.923855
-0.926157
-0.926157
-0.923855
-0.919255
-0.91237
-0.903217
-0.891818
-0.878203
-0.862403
-0.84446
-0.824417
-0.802325
-0.778238
-0.752216
-0.724324
-0.694631
-0.663211
-0.630143
-0.595507
-0.559392
-0.521885
-0.483081
-0.443076
-0.401969
-0.359864
-0.316863
-0.273074
-0.228607
-0.183572
-0.138079
-0.0922441
-0.0461795
-1.19394e-16
0
-0.0466475
-0.0931789
-0.139479
-0.185432
-0.230924
-0.275842
-0.320074
-0.36351
-0.406043
-0.447566
-0.487977
-0.527174
-0.56506
-0.601542
-0.636528
-0.669932
-0.70167
-0.731664
-0.759839
-0.786124
-0.810456
-0.832772
-0.853018
-0.871143
-0.887102
-0.900856
-0.91237
-0.921616
-0.928571
-0.933217
-0.935543
-0.935543
-0.933217
-0.928571
-0.921616
-0.91237
-0.900856
-0.887102
-0.871143
-0.853018
-0.832772
-0.810456
-0.786124
-0.759839
-0.731664
-0.70167
-0.669932
-0.636528
-0.601542
-0.56506
-0.527174
-0.487977
-0.447566
-0.406043
-0.36351
-0.320074
-0.275842
-0.230924
-0.185432
-0.139479
-0.0931789
-0.0466475
-1.20604e-16
0
-0.0469995
-0.0938821
-0.140531
-0.186831
-0.232666
-0.277923
-0.322489
-0.366253
-0.409107
-0.450944
-0.491659
-0.531152
-0.569324
-0.606082
-0.641332
-0.674988
-0.706965
-0.737185
-0.765573
-0.792057
-0.816571
-0.839056
-0.859455
-0.877717
-0.893796
-0.907654
-0.919255
-0.928571
-0.935578
-0.940259
-0.942602
-0.942602
-0.940259
-0.935578
-0.928571
-0.919255
-0.907654
-0.893796
-0.877717
-0.859455
-0.839056
-0.816571
-0.792057
-0.765573
-0.737185
-0.706965
-0.674988
-0.641332
-0.606082
-0.569324
-0.531152
-0.491659
-0.450944
-0.409107
-0.366253
-0.322489
-0.277923
-0.232666
-0.186831
-0.140531
-0.0938821
-0.0469995
-1.21514e-16
0
-0.0472346
-0.0943518
-0.141234
-0.187766
-0.233831
-0.279314
-0.324103
-0.368086
-0.411154
-0.4532
-0.494119
-0.53381
-0.572173
-0.609114
-0.644541
-0.678365
-0.710503
-0.740874
-0.769403
-0.79602
-0.820657
-0.843254
-0.863755
-0.882108
-0.898268
-0.912195
-0.923855
-0.933217
-0.940259
-0.944963
-0.947319
-0.947319
-0.944963
-0.940259
-0.933217
-0.923855
-0.912195
-0.898268
-0.882108
-0.863755
-0.843254
-0.820657
-0.79602
-0.769403
-0.740874
-0.710503
-0.678365
-0.644541
-0.609114
-0.572173
-0.53381
-0.494119
-0.4532
-0.411154
-0.368086
-0.324103
-0.279314
-0.233831
-0.187766
-0.141234
-0.0943518
-0.0472346
-1.22122e-16
0
-0.0473523
-0.094587
-0.141586
-0.188234
-0.234413
-0.28001
-0.324911
-0.369003
-0.412179
-0.454329
-0.49535
-0.53514
-0.573599
-0.610632
-0.646147
-0.680056
-0.712273
-0.74272
-0.771321
-0.798004
-0.822702
-0.845356
-0.865908
-0.884307
-0.900507
-0.914469
-0.926157
-0.935543
-0.942602
-0.947319
-0.94968
-0.94968
-0.947319
-0.942602
-0.935543
-0.926157
-0.914469
-0.900507
-0.884307
-0.865908
-0.845356
-0.822702
-0.798004
-0.771321
-0.74272
-0.712273
-0.680056
-0.646147
-0.610632
-0.573599
-0.53514
-0.49535
-0.454329
-0.412179
-0.369003
-0.324911
-0.28001
-0.234413
-0.188234
-0.141586
-0.094587
-0.0473523
-1.22427e-16
0
-0.0473523
-0.094587
-0.141586
-0.188234
-0.234413
-0.28001
-0.324911
-0.369003
-0.412179
-0.454329
-0.49535
-0.53514
-0.573599
-0.610632
-0.646147
-0.680056
-0.712273
-0.74272
-0.771321
-0.798004
-0.822702
-0.845356
-0.865908
-0.884307
-0.900507
-0.914469
-0.926157
-0.935543
-0.942602
-0.947319
-0.94968
-0.94968
-0.947319
-0.942602
-0.935543
-0.926157
-0.914469
-0.900507
-0.884307
-0.865908
-0.845356
-0.822702
-0.798004
-0.771321
-0.74272
-0.712273
-0.680056
-0.646147
-0.610632
-0.573599
-0.53514
-0.49535
-0.454329
-0.412179
-0.369003
-0.324911
-0.28001
-0.234413
-0.188234
-0.141586
-0.094587
-0.0473523
-1.22427e-16
0
-0.0472346
-0.0943518
-0.141234
-0.187766
-0.233831
-0.279314
-0.324103
-0.368086
-0.411154
-0.4532
-0.494119
-0.53381
-0.572173
-0.609114
-0.644541
-0.678365
-0.710503
-0.740874
-0.769403
-0.79602
-0.820657
-0.843254
-0.863755
-0.882108
-0.898268
-0.912195
-0.923855
-0.933217
-0.940259
-0.944963
-0.947319
-0.947319
-0.944963
-0.940259
-0.933217
-0.923855
-0.912195
-0.898268
-0.882108
-0.863755
-0.843254
-0.820657
-0.79602
-0.769403
-0.740874
-0.710503
-0.678365
-0.644541
-0.609114
-0.572173
-0.53381
-0.494119
-0.4532
-0.411154
-0.368086
-0.324103
-0.279314
-0.233831
-0.187766
-0.141234
-0.0943518
-0.0472346
-1.22122e-16
0
-0.0469995
-0.0938821
-0.140531
-0.186831
-0.232666
-0.277923
-0.322489
-0.366253
-0.409107
-0.450944
-0.491659
-0.531152
-0.569324
-0.606082
-0.641332
-0.674988
-0.706965
-0.737185
-0.765573
-0.792057
-0.816571
-0.839056
-0.859455
-0.877717
-0.893796
-0.907654
-0.919255
-0.928571
-0.935578
-0.940259
-0.942602
-0.942602
-0.940259
-0.935578
-0.928571
-0.919255
-0.907654
-0.893796
-0.877717
-0.859455
-0.839056
-0.816571
-0.792057
-0.765573
-0.737185
-0.706965
-0.674988
-0.641332
-0.606082
-0.569324
-0.531152
-0.491659
-0.450944
-0.409107
-0.366253
-0.322489
-0.277923
-0.232666
-0.186831
-0.140531
-0.0938821
-0.0469995
-1.21514e-16
0
-0.0466475
-0.0931789
-0.139479
-0.185432
-0.230924
-0.275842
-0.320074
-0.36351
-0.406043
-0.447566
-0.487977
-0.527174
-0.56506
-0.601542
-0.636528
-0.669932
-0.70167
-0.731664
-0.759839
-0.786124
-0.810456
-0.832772
-0.853018
-0.871143
-0.887102
-0.900856
-0.91237
-0.921616
-0.928571
-0.933217
-0.935543
-0.935543
-0.933217
-0.928571
-0.921616
-0.91237
-0.900856
-0.887102
-0.871143
-0.853018
-0.832772
-0.810456
-0.786124
-0.759839
-0.731664
-0.70167
-0.669932
-0.636528
-0.601542
-0.56506
-0.527174
-0.487977
-0.447566
-0.406043
-0.36351
-0.320074
-0.275842
-0.230924
-0.185432
-0.139479
-0.0931789
-0.0466475
-1.20604e-16
0
-0.0461795
-0.0922441
-0.138079
-0.183572
-0.228607
-0.273074
-0.316863
-0.359864
-0.401969
-0.443076
-0.483081
-0.521885
-0.559392
-0.595507
-0.630143
-0.663211
-0.694631
-0.724324
-0.752216
-0.778238
-0.802325
-0.824417
-0.84446
-0.862403
-0.878203
-0.891818
-0.903217
-0.91237
-0.919255
-0.923855
-0.926157
-0.926157
-0.923855
-0.919255
-0.91237
-0.903217
-0.891818
-0.878203
-0.862403
-0.84446
-0.824417
-0.802325
-0.778238
-0.752216
-0.724324
-0.694631
-0.663211
-0.630143
-0.595507
-0.559392
-0.521885
-0.483081
-0.443076
-0.401969
-0.359864
-0.316863
-0.273074
-0.228607
-0.183572
-0.138079
-0.0922441
-0.0461795
-1.19394e-16
0
-0.0455967
-0.09108
-0.136337
-0.181255
-0.225722
-0.269628
-0.312864
-0.355322
-0.396897
-0.437484
-0.476985
-0.515299
-0.552332
-0.587992
-0.62219
-0.654842
-0.685865
-0.715183
-0.742723
-0.768416
-0.7922
-0.814013
-0.833803
-0.85152
-0.86712
-0.880564
-0.891818
-0.900856
-0.907654
-0.912195
-0.914469
-0.914469
-0.912195
-0.907654
-0.900856
-0.891818
-0.880564
-0.86712
-0.85152
-0.833803
-0.814013
-0.7922
-0.768416
-0.742723
-0.715183
-0.685865
-0.654842
-0.62219
-0.587992
-0.552332
-0.515299
-0.476985
-0.437484
-0.396897
-0.355322
-0.312864
-0.269628
-0.225722
-0.181255
-0.136337
-0.09108
-0.0455967
-1.17887e-16
0
-0.0449005
-0.0896894
-0.134255
-0.178488
-0.222276
-0.265512
-0.308087
-0.349897
-0.390837
-0.430805
-0.469702
-0.507432
-0.543899
-0.579015
-0.612691
-0.644844
-0.675393
-0.704264
-0.731383
-0.756685
-0.780105
-0.801585
-0.821073
-0.838519
-0.853881
-0.86712
-0.878203
-0.887102
-0.893796
-0.898268
-0.900507
-0.900507
-0.898268
-0.893796
-0.887102
-0.878203
-0.86712
-0.853881
-0.838519
-0.821073
-0.801585
-0.780105
-0.756685
-0.731383
-0.704264
-0.675393
-0.644844
-0.612691
-0.579015
-0.543899
-0.507432
-0.469702
-0.430805
-0.390837
-0.349897
-0.308087
-0.265512
-0.222276
-0.178488
-0.134255
-0.0896894
-0.0449005
-1.16088e-16
0
-0.0440928
-0.0880759
-0.13184
-0.175276
-0.218277
-0.260735
-0.302545
-0.343602
-0.383806
-0.423055
-0.461252
-0.498303
-0.534114
-0.568598
-0.601668
-0.633243
-0.663243
-0.691594
-0.718226
-0.743072
-0.76607
-0.787164
-0.806301
-0.823434
-0.838519
-0.85152
-0.862403
-0.871143
-0.877717
-0.882108
-0.884307
-0.884307
-0.882108
-0.877717
-0.871143
-0.862403
-0.85152
-0.838519
-0.823434
-0.806301
-0.787164
-0.76607
-0.743072
-0.718226
-0.691594
-0.663243
-0.633243
-0.601668
-0.568598
-0.534114
-0.498303
-0.461252
-0.423055
-0.383806
-0.343602
-0.302545
-0.260735
-0.218277
-0.175276
-0.13184
-0.0880759
-0.0440928
-1.13999e-16
0
-0.0431754
-0.0862434
-0.129097
-0.17163
-0.213736
-0.25531
-0.29625
-0.336453
-0.37582
-0.414253
-0.451655
-0.487935
-0.523001
-0.556768
-0.58915
-0.620067
-0.649443
-0.677204
-0.703282
-0.727611
-0.750131
-0.770786
-0.789525
-0.806301
-0.821073
-0.833803
-0.84446
-0.853018
-0.859455
-0.863755
-0.865908
-0.865908
-0.863755
-0.859455
-0.853018
-0.84446
-0.833803
-0.821073
-0.806301
-0.789525
-0.770786
-0.750131
-0.727611
-0.703282
-0.677204
-0.649443
-0.620067
-0.58915
-0.556768
-0.523001
-0.487935
-0.451655
-0.414253
-0.37582
-0.336453
-0.29625
-0.25531
-0.213736
-0.17163
-0.129097
-0.0862434
-0.0431754
-1.11627e-16
0
-0.0421506
-0.0841964
-0.126033
-0.167556
-0.208663
-0.249251
-0.289219
-0.328468
-0.3669
-0.404421
-0.440935
-0.476354
-0.510588
-0.543553
-0.575167
-0.60535
-0.634029
-0.661131
-0.68659
-0.710342
-0.732327
-0.752492
-0.770786
-0.787164
-0.801585
-0.814013
-0.824417
-0.832772
-0.839056
-0.843254
-0.845356
-0.845356
-0.843254
-0.839056
-0.832772
-0.824417
-0.814013
-0.801585
-0.787164
-0.770786
-0.752492
-0.732327
-0.710342
-0.68659
-0.661131
-0.634029
-0.60535
-0.575167
-0.543553
-0.510588
-0.476354
-0.440935
-0.404421
-0.3669
-0.328468
-0.289219
-0.249251
-0.208663
-0.167556
-0.126033
-0.0841964
-0.0421506
-1.08978e-16
0
-0.0410211
-0.0819402
-0.122656
-0.163066
-0.203071
-0.242571
-0.281468
-0.319666
-0.357068
-0.393583
-0.429119
-0.463589
-0.496906
-0.528987
-0.559754
-0.589129
-0.617039
-0.643415
-0.668191
-0.691306
-0.712703
-0.732327
-0.750131
-0.76607
-0.780105
-0.7922
-0.802325
-0.810456
-0.816571
-0.820657
-0.822702
-0.822702
-0.820657
-0.816571
-0.810456
-0.802325
-0.7922
-0.780105
-0.76607
-0.750131
-0.732327
-0.712703
-0.691306
-0.668191
-0.643415
-0.617039
-0.589129
-0.559754
-0.528987
-0.496906
-0.463589
-0.429119
-0.393583
-0.357068
-0.319666
-0.281468
-0.242571
-0.203071
-0.163066
-0.122656
-0.0819402
-0.0410211
-1.06058e-16
0
-0.0397896
-0.0794802
-0.118973
-0.15817
-0.196975
-0.235289
-0.273018
-0.310069
-0.346348
-0.381767
-0.416237
-0.449671
-0.481988
-0.513106
-0.542949
-0.571442
-0.598514
-0.624098
-0.648131
-0.670552
-0.691306
-0.710342
-0.727611
-0.743072
-0.756685
-0.768416
-0.778238
-0.786124
-0.792057
-0.79602
-0.798004
-0.798004
-0.79602
-0.792057
-0.786124
-0.778238
-0.768416
-0.756685
-0.743072
-0.727611
-0.710342
-0.691306
-0.670552
-0.648131
-0.624098
-0.598514
-0.571442
-0.542949
-0.513106
-0.481988
-0.449671
-0.416237
-0.381767
-0.346348
-0.310069
-0.273018
-0.235289
-0.196975
-0.15817
-0.118973
-0.0794802
-0.0397896
-1.02874e-16
0
-0.0384591
-0.0768226
-0.114995
-0.152882
-0.190388
-0.227421
-0.263889
-0.299701
-0.334768
-0.369002
-0.402319
-0.434636
-0.465872
-0.49595
-0.524794
-0.552335
-0.578502
-0.60323
-0.626459
-0.648131
-0.668191
-0.68659
-0.703282
-0.718226
-0.731383
-0.742723
-0.752216
-0.759839
-0.765573
-0.769403
-0.771321
-0.771321
-0.769403
-0.765573
-0.759839
-0.752216
-0.742723
-0.731383
-0.718226
-0.703282
-0.68659
-0.668191
-0.648131
-0.626459
-0.60323
-0.578502
-0.552335
-0.524794
-0.49595
-0.465872
-0.434636
-0.402319
-0.369002
-0.334768
-0.299701
-0.263889
-0.227421
-0.190388
-0.152882
-0.114995
-0.0768226
-0.0384591
-9.94337e-17
0
-0.0370331
-0.0739741
-0.110731
-0.147213
-0.183329
-0.218989
-0.254104
-0.288588
-0.322354
-0.355319
-0.387401
-0.418519
-0.448597
-0.47756
-0.505335
-0.531854
-0.557051
-0.580863
-0.60323
-0.624098
-0.643415
-0.661131
-0.677204
-0.691594
-0.704264
-0.715183
-0.724324
-0.731664
-0.737185
-0.740874
-0.74272
-0.74272
-0.740874
-0.737185
-0.731664
-0.724324
-0.715183
-0.704264
-0.691594
-0.677204
-0.661131
-0.643415
-0.624098
-0.60323
-0.580863
-0.557051
-0.531854
-0.505335
-0.47756
-0.448597
-0.418519
-0.387401
-0.355319
-0.322354
-0.288588
-0.254104
-0.218989
-0.183329
-0.147213
-0.110731
-0.0739741
-0.0370331
-9.57467e-17
0
-0.0355149
-0.0709416
-0.106192
-0.141178
-0.175813
-0.210012
-0.243688
-0.276758
-0.30914
-0.340753
-0.37152
-0.401363
-0.430208
-0.457983
-0.48462
-0.510051
-0.534215
-0.557051
-0.578502
-0.598514
-0.617039
-0.634029
-0.649443
-0.663243
-0.675393
-0.685865
-0.694631
-0.70167
-0.706965
-0.710503
-0.712273
-0.712273
-0.710503
-0.706965
-0.70167
-0.694631
-0.685865
-0.675393
-0.663243
-0.649443
-0.634029
-0.617039
-0.598514
-0.578502
-0.557051
-0.534215
-0.510051
-0.48462
-0.457983
-0.430208
-0.401363
-0.37152
-0.340753
-0.30914
-0.276758
-0.243688
-0.210012
-0.175813
-0.141178
-0.106192
-0.0709416
-0.0355149
-9.18217e-17
0
-0.0339085
-0.0677327
-0.101389
-0.134792
-0.167861
-0.200512
-0.232665
-0.264239
-0.295157
-0.32534
-0.354715
-0.383208
-0.410748
-0.437267
-0.462699
-0.486981
-0.510051
-0.531854
-0.552335
-0.571442
-0.589129
-0.60535
-0.620067
-0.633243
-0.644844
-0.654842
-0.663211
-0.669932
-0.674988
-0.678365
-0.680056
-0.680056
-0.678365
-0.674988
-0.669932
-0.663211
-0.654842
-0.644844
-0.633243
-0.620067
-0.60535
-0.589129
-0.571442
-0.552335
-0.531854
-0.510051
-0.486981
-0.462699
-0.437267
-0.410748
-0.383208
-0.354715
-0.32534
-0.295157
-0.264239
-0.232665
-0.200512
-0.167861
-0.134792
-0.101389
-0.0677327
-0.0339085
-8.76684e-17
0
-0.0322178
-0.0643555
-0.0963332
-0.128071
-0.159491
-0.190514
-0.221064
-0.251064
-0.28044
-0.309118
-0.337029
-0.364101
-0.390268
-0.415464
-0.439628
-0.462699
-0.48462
-0.505335
-0.524794
-0.542949
-0.559754
-0.575167
-0.58915
-0.601668
-0.612691
-0.62219
-0.630143
-0.636528
-0.641332
-0.644541
-0.646147
-0.646147
-0.644541
-0.641332
-0.636528
-0.630143
-0.62219
-0.612691
-0.601668
-0.58915
-0.575167
-0.559754
-0.542949
-0.524794
-0.505335
-0.48462
-0.462699
-0.439628
-0.415464
-0.390268
-0.364101
-0.337029
-0.309118
-0.28044
-0.251064
-0.221064
-0.190514
-0.159491
-0.128071
-0.0963332
-0.0643555
-0.0322178
-8.32971e-17
0
-0.030447
-0.0608182
-0.0910383
-0.121032
-0.150725
-0.180043
-0.208913
-0.237265
-0.265026
-0.292128
-0.318504
-0.344088
-0.368817
-0.392629
-0.415464
-0.437267
-0.457983
-0.47756
-0.49595
-0.513106
-0.528987
-0.543553
-0.556768
-0.568598
-0.579015
-0.587992
-0.595507
-0.601542
-0.606082
-0.609114
-0.610632
-0.610632
-0.609114
-0.606082
-0.601542
-0.595507
-0.587992
-0.579015
-0.568598
-0.556768
-0.543553
-0.528987
-0.513106
-0.49595
-0.47756
-0.457983
-0.437267
-0.415464
-0.392629
-0.368817
-0.344088
-0.318504
-0.292128
-0.265026
-0.237265
-0.208913
-0.180043
-0.150725
-0.121032
-0.0910383
-0.0608182
-0.030447
-7.87188e-17
0
-0.0286004
-0.0571298
-0.0855171
-0.113692
-0.141584
-0.169124
-0.196243
-0.222875
-0.248953
-0.274411
-0.299188
-0.32322
-0.346449
-0.368817
-0.390268
-0.410748
-0.430208
-0.448597
-0.465872
-0.481988
-0.496906
-0.510588
-0.523001
-0.534114
-0.543899
-0.552332
-0.559392
-0.56506
-0.569324
-0.572173
-0.573599
-0.573599
-0.572173
-0.569324
-0.56506
-0.559392
-0.552332
-0.543899
-0.534114
-0.523001
-0.510588
-0.496906
-0.481988
-0.465872
-0.448597
-0.430208
-0.410748
-0.390268
-0.368817
-0.346449
-0.32322
-0.299188
-0.274411
-0.248953
-0.222875
-0.196243
-0.169124
-0.141584
-0.113692
-0.0855171
-0.0571298
-0.0286004
-7.39447e-17
0
-0.0266828
-0.0532993
-0.0797833
-0.106069
-0.132091
-0.157784
-0.183086
-0.207932
-0.232261
-0.256012
-0.279128
-0.301549
-0.32322
-0.344088
-0.364101
-0.383208
-0.401363
-0.418519
-0.434636
-0.449671
-0.463589
-0.476354
-0.487935
-0.498303
-0.507432
-0.515299
-0.521885
-0.527174
-0.531152
-0.53381
-0.53514
-0.53514
-0.53381
-0.531152
-0.527174
-0.521885
-0.515299
-0.507432
-0.498303
-0.487935
-0.476354
-0.463589
-0.449671
-0.434636
-0.418519
-0.401363
-0.383208
-0.364101
-0.344088
-0.32322
-0.301549
-0.279128
-0.256012
-0.232261
-0.207932
-0.183086
-0.157784
-0.132091
-0.106069
-0.0797833
-0.0532993
-0.0266828
-6.89868e-17
0
-0.0246989
-0.0493363
-0.0738511
-0.0981823
-0.122269
-0.146052
-0.169472
-0.192471
-0.214991
-0.236977
-0.258373
-0.279128
-0.299188
-0.318504
-0.337029
-0.354715
-0.37152
-0.387401
-0.402319
-0.416237
-0.429119
-0.440935
-0.451655
-0.461252
-0.469702
-0.476985
-0.483081
-0.487977
-0.491659
-0.494119
-0.49535
-0.49535
-0.494119
-0.491659
-0.487977
-0.483081
-0.476985
-0.469702
-0.461252
-0.451655
-0.440935
-0.429119
-0.416237
-0.402319
-0.387401
-0.37152
-0.354715
-0.337029
-0.318504
-0.299188
-0.279128
-0.258373
-0.236977
-0.214991
-0.192471
-0.169472
-0.146052
-0.122269
-0.0981823
-0.0738511
-0.0493363
-0.0246989
-6.38574e-17
0
-0.0226535
-0.0452507
-0.0677353
-0.0900516
-0.112144
-0.133958
-0.155438
-0.176532
-0.197187
-0.217352
-0.236977
-0.256012
-0.274411
-0.292128
-0.309118
-0.32534
-0.340753
-0.355319
-0.369002
-0.381767
-0.393583
-0.404421
-0.414253
-0.423055
-0.430805
-0.437484
-0.443076
-0.447566
-0.450944
-0.4532
-0.454329
-0.454329
-0.4532
-0.450944
-0.447566
-0.443076
-0.437484
-0.430805
-0.423055
-0.414253
-0.404421
-0.393583
-0.381767
-0.369002
-0.355319
-0.340753
-0.32534
-0.309118
-0.292128
-0.274411
-0.256012
-0.236977
-0.217352
-0.197187
-0.176532
-0.155438
-0.133958
-0.112144
-0.0900516
-0.0677353
-0.0452507
-0.0226535
-5.85692e-17
0
-0.0205518
-0.0410525
-0.0614511
-0.081697
-0.10174
-0.12153
-0.141017
-0.160154
-0.178893
-0.197187
-0.214991
-0.232261
-0.248953
-0.265026
-0.28044
-0.295157
-0.30914
-0.322354
-0.334768
-0.346348
-0.357068
-0.3669
-0.37582
-0.383806
-0.390837
-0.396897
-0.401969
-0.406043
-0.409107
-0.411154
-0.412179
-0.412179
-0.411154
-0.409107
-0.406043
-0.401969
-0.396897
-0.390837
-0.383806
-0.37582
-0.3669
-0.357068
-0.346348
-0.334768
-0.322354
-0.30914
-0.295157
-0.28044
-0.265026
-0.248953
-0.232261
-0.214991
-0.197187
-0.178893
-0.160154
-0.141017
-0.12153
-0.10174
-0.081697
-0.0614511
-0.0410525
-0.0205518
-5.31354e-17
0
-0.018399
-0.0367523
-0.0550142
-0.0731393
-0.0910826
-0.108799
-0.126246
-0.143378
-0.160154
-0.176532
-0.192471
-0.207932
-0.222875
-0.237265
-0.251064
-0.264239
-0.276758
-0.288588
-0.299701
-0.310069
-0.319666
-0.328468
-0.336453
-0.343602
-0.349897
-0.355322
-0.359864
-0.36351
-0.366253
-0.368086
-0.369003
-0.369003
-0.368086
-0.366253
-0.36351
-0.359864
-0.355322
-0.349897
-0.343602
-0.336453
-0.328468
-0.319666
-0.310069
-0.299701
-0.288588
-0.276758
-0.264239
-0.251064
-0.237265
-0.222875
-0.207932
-0.192471
-0.176532
-0.160154
-0.143378
-0.126246
-0.108799
-0.0910826
-0.0731393
-0.0550142
-0.0367523
-0.018399
-4.75695e-17
0
-0.0162005
-0.0323607
-0.0484405
-0.0643998
-0.080199
-0.0957988
-0.111161
-0.126246
-0.141017
-0.155438
-0.169472
-0.183086
-0.196243
-0.208913
-0.221064
-0.232665
-0.243688
-0.254104
-0.263889
-0.273018
-0.281468
-0.289219
-0.29625
-0.302545
-0.308087
-0.312864
-0.316863
-0.320074
-0.322489
-0.324103
-0.324911
-0.324911
-0.324103
-0.322489
-0.320074
-0.316863
-0.312864
-0.308087
-0.302545
-0.29625
-0.289219
-0.281468
-0.273018
-0.263889
-0.254104
-0.243688
-0.232665
-0.221064
-0.208913
-0.196243
-0.183086
-0.169472
-0.155438
-0.141017
-0.126246
-0.111161
-0.0957988
-0.080199
-0.0643998
-0.0484405
-0.0323607
-0.0162005
-4.18854e-17
0
-0.0139617
-0.0278887
-0.0417463
-0.0555002
-0.069116
-0.0825601
-0.0957988
-0.108799
-0.12153
-0.133958
-0.146052
-0.157784
-0.169124
-0.180043
-0.190514
-0.200512
-0.210012
-0.218989
-0.227421
-0.235289
-0.242571
-0.249251
-0.25531
-0.260735
-0.265512
-0.269628
-0.273074
-0.275842
-0.277923
-0.279314
-0.28001
-0.28001
-0.279314
-0.277923
-0.275842
-0.273074
-0.269628
-0.265512
-0.260735
-0.25531
-0.249251
-0.242571
-0.235289
-0.227421
-0.218989
-0.210012
-0.200512
-0.190514
-0.180043
-0.169124
-0.157784
-0.146052
-0.133958
-0.12153
-0.108799
-0.0957988
-0.0825601
-0.069116
-0.0555002
-0.0417463
-0.0278887
-0.0139617
-3.60971e-17
0
-0.0116882
-0.0233473
-0.0349484
-0.0464625
-0.0578612
-0.069116
-0.080199
-0.0910826
-0.10174
-0.112144
-0.122269
-0.132091
-0.141584
-0.150725
-0.159491
-0.167861
-0.175813
-0.183329
-0.190388
-0.196975
-0.203071
-0.208663
-0.213736
-0.218277
-0.222276
-0.225722
-0.228607
-0.230924
-0.232666
-0.233831
-0.234413
-0.234413
-0.233831
-0.232666
-0.230924
-0.228607
-0.225722
-0.222276
-0.218277
-0.213736
-0.208663
-0.203071
-0.196975
-0.190388
-0.183329
-0.175813
-0.167861
-0.159491
-0.150725
-0.141584
-0.132091
-0.122269
-0.112144
-0.10174
-0.0910826
-0.080199
-0.069116
-0.0578612
-0.0464625
-0.0349484
-0.0233473
-0.0116882
-3.02191e-17
0
-0.0093856
-0.0187479
-0.0280635
-0.0373094
-0.0464625
-0.0555002
-0.0643998
-0.0731393
-0.081697
-0.0900516
-0.0981823
-0.106069
-0.113692
-0.121032
-0.128071
-0.134792
-0.141178
-0.147213
-0.152882
-0.15817
-0.163066
-0.167556
-0.17163
-0.175276
-0.178488
-0.181255
-0.183572
-0.185432
-0.186831
-0.187766
-0.188234
-0.188234
-0.187766
-0.186831
-0.185432
-0.183572
-0.181255
-0.178488
-0.175276
-0.17163
-0.167556
-0.163066
-0.15817
-0.152882
-0.147213
-0.141178
-0.134792
-0.128071
-0.121032
-0.113692
-0.106069
-0.0981823
-0.0900516
-0.081697
-0.0731393
-0.0643998
-0.0555002
-0.0464625
-0.0373094
-0.0280635
-0.0187479
-0.0093856
-2.42659e-17
0
-0.00705969
-0.0141018
-0.0211089
-0.0280635
-0.0349484
-0.0417463
-0.0484405
-0.0550142
-0.0614511
-0.0677353
-0.0738511
-0.0797833
-0.0855171
-0.0910383
-0.0963332
-0.101389
-0.106192
-0.110731
-0.114995
-0.118973
-0.122656
-0.126033
-0.129097
-0.13184
-0.134255
-0.136337
-0.138079
-0.139479
-0.140531
-0.141234
-0.141586
-0.141586
-0.141234
-0.140531
-0.139479
-0.138079
-0.136337
-0.134255
-0.13184
-0.129097
-0.126033
-0.122656
-0.118973
-0.114995
-0.110731
-0.106192
-0.101389
-0.0963332
-0.0910383
-0.0855171
-0.0797833
-0.0738511
-0.0677353
-0.0614511
-0.0550142
-0.0484405
-0.0417463
-0.0349484
-0.0280635
-0.0211089
-0.0141018
-0.00705969
-1.82524e-17
0
-0.00471624
-0.00942075
-0.0141018
-0.0187479
-0.0233473
-0.0278887
-0.0323607
-0.0367523
-0.0410525
-0.0452507
-0.0493363
-0.0532993
-0.0571298
-0.0608182
-0.0643555
-0.0677327
-0.0709416
-0.0739741
-0.0768226
-0.0794802
-0.0819402
-0.0841964
-0.0862434
-0.0880759
-0.0896894
-0.09108
-0.0922441
-0.0931789
-0.0938821
-0.0943518
-0.094587
-0.094587
-0.0943518
-0.0938821
-0.0931789
-0.0922441
-0.09108
-0.0896894
-0.0880759
-0.0862434
-0.0841964
-0.0819402
-0.0794802
-0.0768226
-0.0739741
-0.0709416
-0.0677327
-0.0643555
-0.0608182
-0.0571298
-0.0532993
-0.0493363
-0.0452507
-0.0410525
-0.0367523
-0.0323607
-0.0278887
-0.0233473
-0.0187479
-0.0141018
-0.00942075
-0.00471624
-1.21935e-17
0
-0.00236105
-0.00471624
-0.00705969
-0.0093856
-0.0116882
-0.0139617
-0.0162005
-0.018399
-0.0205518
-0.0226535
-0.0246989
-0.0266828
-0.0286004
-0.030447
-0.0322178
-0.0339085
-0.0355149
-0.0370331
-0.0384591
-0.0397896
-0.0410211
-0.0421506
-0.0431754
-0.0440928
-0.0449005
-0.0455967
-0.0461795
-0.0466475
-0.0469995
-0.0472346
-0.0473523
-0.0473523
-0.0472346
-0.0469995
-0.0466475
-0.0461795
-0.0455967
-0.0449005
-0.0440928
-0.0431754
-0.0421506
-0.0410211
-0.0397896
-0.0384591
-0.0370331
-0.0355149
-0.0339085
-0.0322178
-0.030447
-0.0286004
-0.0266828
-0.0246989
-0.0226535
-0.0205518
-0.018399
-0.0162005
-0.0139617
-0.0116882
-0.0093856
-0.00705969
-0.00471624
-0.00236105
-6.10436e-18
0
-6.10436e-18
-1.21935e-17
-1.82524e-17
-2.42659e-17
-3.02191e-17
-3.60971e-17
-4.18854e-17
-4.75695e-17
-5.31354e-17
-5.85692e-17
-6.38574e-17
-6.89868e-17
-7.39447e-17
-7.87188e-17
-8.32971e-17
-8.76684e-17
-9.18217e-17
-9.57467e-17
-9.94337e-17
-1.02874e-16
-1.06058e-16
-1.08978e-16
-1.11627e-16
-1.13999e-16
-1.16088e-16
-1.17887e-16
-1.19394e-16
-1.20604e-16
-1.21514e-16
-1.22122e-16
-1.22427e-16
-1.22427e-16
-1.22122e-16
-1.21514e-16
-1.20604e-16
-1.19394e-16
-1.17887e-16
-1.16088e-16
-1.13999e-16
-1.11627e-16
-1.08978e-16
-1.06058e-16
-1.02874e-16
-9.94337e-17
-9.57467e-17
-9.18217e-17
-8.76684e-17
-8.32971e-17
-7.87188e-17
-7.39447e-17
-6.89868e-17
-6.38574e-17
-5.85692e-17
-5.31354e-17
-4.75695e-17
-4.18854e-17
-3.60971e-17
-3.02191e-17
-2.42659e-17
-1.82524e-17
-1.21935e-17
-6.10436e-18
-1.49976e-32
