64
0
0
0
0
0
0
0
0
0
0
0
0
0
0
0
0
0
0
0
0
0
0
0
0
0
0
0
0
0
0
0
0
0
0
0
0
0
0
0
0
0
0
0
0
0
0
0
0
0
0
0
0
0
0
0
0
0
0
0
0
0
0
0
0
0
-0.00239061
-0.00477528
-0.00714807
-0.0095031
-0.0118345
-0.0141365
-0.0164033
-0.0186294
-0.0208091
-0.0229371
-0.0250081
-0.0270169
-0.0289585
-0.0308281
-0.0326211
-0.034333
-0.0359595
-0.0374967
-0.0389406
-0.0402877
-0.0415346
-0.0426783
-0.0437159
-0.0446448
-0.0454626
-0.0461675
-0.0467576
-0.0472314
-0.0475878
-0.0478259
-0.0479451
-0.0479451
-0.0478259
-0.0475878
-0.0472314
-0.0467576
-0.0461675
-0.0454626
-0.0446448
-0.0437159
-0.0426783
-0.0415346
-0.0402877
-0.0389406
-0.0374967
-0.0359595
-0.034333
-0.0326211
-0.0308281
-0.0289585
-0.0270169
-0.0250081
-0.0229371
-0.0208091
-0.0186294
-0.0164033
-0.0141365
-0.0118345
-0.0095031
-0.00714807
-0.00477528
-0.00239061
-6.10436e-18
0
-0.00477528
-0.00953869
-0.0142784
-0.0189826
-0.0236396
-0.0282378
-0.0327658
-0.0372124
-0.0415664
-0.0458171
-0.0499539
-0.0539665
-0.057845
-0.0615796
-0.0651611
-0.0685807
-0.0718297
-0.0749001
-0.0777844
-0.0804752
-0.082966
-0.0852505
-0.0873231
-0.0891785
-0.0908123
-0.0922202
-0.0933989
-0.0943454
-0.0950574
-0.095533
-0.0957711
-0.0957711
-0.095533
-0.0950574
-0.0943454
-0.0933989
-0.0922202
-0.0908123
-0.0891785
-0.0873231
-0.0852505
-0.082966
-0.0804752
-0.0777844
-0.0749001
-0.0718297
-0.0685807
-0.0651611
-0.0615796
-0.057845
-0.0539665
-0.0499539
-0.0458171
-0.0415664
-0.0372124
-0.0327658
-0.0282378
-0.0236396
-0.0189826
-0.0142784
-0.00953869
-0.00477528
-1.21935e-17
0
-0.00714807
-0.0142784
-0.0213732
-0.0284149
-0.0353859
-0.0422689
-0.0490469
-0.0557029
-0.0622204
-0.0685833
-0.0747756
-0.0807821
-0.0865877
-0.092178
-0.0975392
-0.102658
-0.107521
-0.112117
-0.116435
-0.120463
-0.124191
-0.127611
-0.130713
-0.133491
-0.135936
-0.138044
-0.139808
-0.141225
-0.142291
-0.143003
-0.143359
-0.143359
-0.143003
-0.142291
-0.141225
-0.139808
-0.138044
-0.135936
-0.133491
-0.130713
-0.127611
-0.124191
-0.120463
-0.116435
-0.112117
-0.107521
-0.102658
-0.0975392
-0.092178
-0.0865877
-0.0807821
-0.0747756
-0.0685833
-0.0622204
-0.0557029
-0.0490469
-0.0422689
-0.0353859
-0.0284149
-0.0213732
-0.0142784
-0.00714807
-1.82524e-17
0
-0.0095031
-0.0189826
-0.0284149
-0.0377765
-0.0470442
-0.056195
-0.065206
-0.0740549
-0.0827198
-0.0911789
-0.0994114
-0.107397
-0.115115
-0.122547
-0.129675
-0.13648
-0.142946
-0.149056
-0.154796
-0.160151
-0.165107
-0.169654
-0.173778
-0.177471
-0.180722
-0.183524
-0.18587
-0.187753
-0.18917
-0.190117
-0.19059
-0.19059
-0.190117
-0.18917
-0.187753
-0.18587
-0.183524
-0.180722
-0.177471
-0.173778
-0.169654
-0.165107
-0.160151
-0.154796
-0.149056
-0.142946
-0.13648
-0.129675
-0.122547
-0.115115
-0.107397
-0.0994114
-0.0911789
-0.0827198
-0.0740549
-0.065206
-0.056195
-0.0470442
-0.0377765
-0.0284149
-0.0189826
-0.0095031
-2.42659e-17
0
-0.0118345
-0.0236396
-0.0353859
-0.0470442
-0.0585856
-0.0699813
-0.081203
-0.0922229
-0.103013
-0.113548
-0.1238
-0.133744
-0.143356
-0.152612
-0.161488
-0.169962
-0.178014
-0.185624
-0.192772
-0.19944
-0.205613
-0.211275
-0.216411
-0.22101
-0.225059
-0.228548
-0.231469
-0.233815
-0.235579
-0.236758
-0.237348
-0.237348
-0.236758
-0.235579
-0.233815
-0.231469
-0.228548
-0.225059
-0.22101
-0.216411
-0.211275
-0.205613
-0.19944
-0.192772
-0.185624
-0.178014
-0.169962
-0.161488
-0.152612
-0.143356
-0.133744
-0.1238
-0.113548
-0.103013
-0.0922229
-0.081203
-0.0699813
-0.0585856
-0.0470442
-0.0353859
-0.0236396
-0.0118345
-3.02191e-17
0
-0.0141365
-0.0282378
-0.0422689
-0.056195
-0.0699813
-0.0835936
-0.0969981
-0.110162
-0.123051
-0.135635
-0.147881
-0.15976
-0.171241
-0.182297
-0.192899
-0.203022
-0.212641
-0.22173
-0.230269
-0.238234
-0.245608
-0.252371
-0.258506
-0.263999
-0.268836
-0.273004
-0.276493
-0.279295
-0.281403
-0.282811
-0.283515
-0.283515
-0.282811
-0.281403
-0.279295
-0.276493
-0.273004
-0.268836
-0.263999
-0.258506
-0.252371
-0.245608
-0.238234
-0.230269
-0.22173
-0.212641
-0.203022
-0.192899
-0.182297
-0.171241
-0.15976
-0.147881
-0.135635
-0.123051
-0.110162
-0.0969981
-0.0835936
-0.0699813
-0.056195
-0.0422689
-0.0282378
-0.0141365
-3.60971e-17
0
-0.0164033
-0.0327658
-0.0490469
-0.065206
-0.081203
-0.0969981
-0.112552
-0.127826
-0.142783
-0.157384
-0.171594
-0.185378
-0.1987
-0.211529
-0.223832
-0.235578
-0.246738
-0.257285
-0.267193
-0.276436
-0.284992
-0.292839
-0.299959
-0.306332
-0.311944
-0.316781
-0.32083
-0.324081
-0.326526
-0.32816
-0.328978
-0.328978
-0.32816
-0.326526
-0.324081
-0.32083
-0.316781
-0.311944
-0.306332
-0.299959
-0.292839
-0.284992
-0.276436
-0.267193
-0.257285
-0.246738
-0.235578
-0.223832
-0.211529
-0.1987
-0.185378
-0.171594
-0.157384
-0.142783
-0.127826
-0.112552
-0.0969981
-0.081203
-0.065206
-0.0490469
-0.0327658
-0.0164033
-4.18854e-17
0
-0.0186294
-0.0372124
-0.0557029
-0.0740549
-0.0922229
-0.110162
-0.127826
-0.145173
-0.162159
-0.178742
-0.194881
-0.210535
-0.225665
-0.240235
-0.254207
-0.267547
-0.280222
-0.292201
-0.303453
-0.31395
-0.323667
-0.33258
-0.340665
-0.347904
-0.354277
-0.35977
-0.364369
-0.368061
-0.370839
-0.372694
-0.373623
-0.373623
-0.372694
-0.370839
-0.368061
-0.364369
-0.35977
-0.354277
-0.347904
-0.340665
-0.33258
-0.323667
-0.31395
-0.303453
-0.292201
-0.280222
-0.267547
-0.254207
-0.240235
-0.225665
-0.210535
-0.194881
-0.178742
-0.162159
-0.145173
-0.127826
-0.110162
-0.0922229
-0.0740549
-0.0557029
-0.0372124
-0.0186294
-4.75695e-17
0
-0.0208091
-0.0415664
-0.0622204
-0.0827198
-0.103013
-0.123051
-0.142783
-0.162159
-0.181133
-0.199656
-0.217683
-0.235168
-0.252069
-0.268344
-0.283951
-0.298852
-0.31301
-0.32639
-0.338959
-0.350684
-0.361538
-0.371493
-0.380525
-0.38861
-0.39573
-0.401865
-0.407002
-0.411126
-0.414229
-0.416301
-0.417339
-0.417339
-0.416301
-0.414229
-0.411126
-0.407002
-0.401865
-0.39573
-0.38861
-0.380525
-0.371493
-0.361538
-0.350684
-0.338959
-0.32639
-0.31301
-0.298852
-0.283951
-0.268344
-0.252069
-0.235168
-0.217683
-0.199656
-0.181133
-0.162159
-0.142783
-0.123051
-0.103013
-0.0827198
-0.0622204
-0.0415664
-0.0208091
-5.31354e-17
0
-0.0229371
-0.0458171
-0.0685833
-0.0911789
-0.113548
-0.135635
-0.157384
-0.178742
-0.199656
-0.220073
-0.239944
-0.259217
-0.277847
-0.295785
-0.312988
-0.329413
-0.345019
-0.359768
-0.373621
-0.386546
-0.39851
-0.409483
-0.419439
-0.428351
-0.436198
-0.442961
-0.448623
-0.453169
-0.456589
-0.458873
-0.460017
-0.460017
-0.458873
-0.456589
-0.453169
-0.448623
-0.442961
-0.436198
-0.428351
-0.419439
-0.409483
-0.39851
-0.386546
-0.373621
-0.359768
-0.345019
-0.329413
-0.312988
-0.295785
-0.277847
-0.259217
-0.239944
-0.220073
-0.199656
-0.178742
-0.157384
-0.135635
-0.113548
-0.0911789
-0.0685833
-0.0458171
-0.0229371
-5.85692e-17
0
-0.0250081
-0.0499539
-0.0747756
-0.0994114
-0.1238
-0.147881
-0.171594
-0.194881
-0.217683
-0.239944
-0.261608
-0.282622
-0.302933
-0.322491
-0.341248
-0.359156
-0.376171
-0.392251
-0.407355
-0.421447
-0.434492
-0.446455
-0.457309
-0.467026
-0.475582
-0.482956
-0.489129
-0.494086
-0.497814
-0.500305
-0.501552
-0.501552
-0.500305
-0.497814
-0.494086
-0.489129
-0.482956
-0.475582
-0.467026
-0.457309
-0.446455
-0.434492
-0.421447
-0.407355
-0.392251
-0.376171
-0.359156
-0.341248
-0.322491
-0.302933
-0.282622
-0.261608
-0.239944
-0.217683
-0.194881
-0.171594
-0.147881
-0.1238
-0.0994114
-0.0747756
-0.0499539
-0.0250081
-6.38574e-17
0
-0.0270169
-0.0539665
-0.0807821
-0.107397
-0.133744
-0.15976
-0.185378
-0.210535
-0.235168
-0.259217
-0.282622
-0.305324
-0.327267
-0.348396
-0.368659
-0.388005
-0.406387
-0.423759
-0.440077
-0.455301
-0.469393
-0.482317
-0.494043
-0.504541
-0.513784
-0.52175
-0.528419
-0.533773
-0.537801
-0.540492
-0.541839
-0.541839
-0.540492
-0.537801
-0.533773
-0.528419
-0.52175
-0.513784
-0.504541
-0.494043
-0.482317
-0.469393
-0.455301
-0.440077
-0.423759
-0.406387
-0.388005
-0.368659
-0.348396
-0.327267
-0.305324
-0.282622
-0.259217
-0.235168
-0.210535
-0.185378
-0.15976
-0.133744
-0.107397
-0.0807821
-0.0539665
-0.0270169
-6.89868e-17
0
-0.0289585
-0.057845
-0.0865877
-0.115115
-0.143356
-0.171241
-0.1987
-0.225665
-0.252069
-0.277847
-0.302933
-0.327267
-0.350787
-0.373434
-0.395153
-0.41589
-0.435593
-0.454213
-0.471704
-0.488022
-0.503127
-0.51698
-0.529549
-0.540801
-0.550708
-0.559247
-0.566395
-0.572134
-0.576452
-0.579336
-0.58078
-0.58078
-0.579336
-0.576452
-0.572134
-0.566395
-0.559247
-0.550708
-0.540801
-0.529549
-0.51698
-0.503127
-0.488022
-0.471704
-0.454213
-0.435593
-0.41589
-0.395153
-0.373434
-0.350787
-0.327267
-0.302933
-0.277847
-0.252069
-0.225665
-0.1987
-0.171241
-0.143356
-0.115115
-0.0865877
-0.057845
-0.0289585
-7.39447e-17
0
-0.0308281
-0.0615796
-0.092178
-0.122547
-0.152612
-0.182297
-0.211529
-0.240235
-0.268344
-0.295785
-0.322491
-0.348396
-0.373434
-0.397544
-0.420666
-0.442741
-0.463716
-0.483538
-0.502158
-0.51953
-0.53561
-0.550358
-0.563738
-0.575716
-0.586264
-0.595353
-0.602963
-0.609073
-0.613669
-0.616739
-0.618277
-0.618277
-0.616739
-0.613669
-0.609073
-0.602963
-0.595353
-0.586264
-0.575716
-0.563738
-0.550358
-0.53561
-0.51953
-0.502158
-0.483538
-0.463716
-0.442741
-0.420666
-0.397544
-0.373434
-0.348396
-0.322491
-0.295785
-0.268344
-0.240235
-0.211529
-0.182297
-0.152612
-0.122547
-0.092178
-0.0615796
-0.0308281
-7.87188e-17
0
-0.0326211
-0.0651611
-0.0975392
-0.129675
-0.161488
-0.192899
-0.223832
-0.254207
-0.283951
-0.312988
-0.341248
-0.368659
-0.395153
-0.420666
-0.445132
-0.468492
-0.490686
-0.511661
-0.531364
-0.549746
-0.566761
-0.582367
-0.596525
-0.609201
-0.620361
-0.629979
-0.638031
-0.644497
-0.649361
-0.65261
-0.654236
-0.654236
-0.65261
-0.649361
-0.644497
-0.638031
-0.629979
-0.620361
-0.609201
-0.596525
-0.582367
-0.566761
-0.549746
-0.531364
-0.511661
-0.490686
-0.468492
-0.445132
-0.420666
-0.395153
-0.368659
-0.341248
-0.312988
-0.283951
-0.254207
-0.223832
-0.192899
-0.161488
-0.129675
-0.0975392
-0.0651611
-0.0326211
-8.32971e-17
0
-0.034333
-0.0685807
-0.102658
-0.13648
-0.169962
-0.203022
-0.235578
-0.267547
-0.298852
-0.329413
-0.359156
-0.388005
-0.41589
-0.442741
-0.468492
-0.493077
-0.516437
-0.538512
-0.559249
-0.578596
-0.596504
-0.612929
-0.62783
-0.64117
-0.652916
-0.663039
-0.671514
-0.678319
-0.683438
-0.686857
-0.688569
-0.688569
-0.686857
-0.683438
-0.678319
-0.671514
-0.663039
-0.652916
-0.64117
-0.62783
-0.612929
-0.596504
-0.578596
-0.559249
-0.538512
-0.516437
-0.493077
-0.468492
-0.442741
-0.41589
-0.388005
-0.359156
-0.329413
-0.298852
-0.267547
-0.235578
-0.203022
-0.169962
-0.13648
-0.102658
-0.0685807
-0.034333
-8.76684e-17
0
-0.0359595
-0.0718297
-0.107521
-0.142946
-0.178014
-0.212641
-0.246738
-0.280222
-0.31301
-0.345019
-0.376171
-0.406387
-0.435593
-0.463716
-0.490686
-0.516437
-0.540903
-0.564025
-0.585744
-0.606007
-0.624763
-0.641966
-0.657574
-0.671546
-0.683849
-0.694451
-0.703327
-0.710455
-0.715816
-0.719397
-0.72119
-0.72119
-0.719397
-0.715816
-0.710455
-0.703327
-0.694451
-0.683849
-0.671546
-0.657574
-0.641966
-0.624763
-0.606007
-0.585744
-0.564025
-0.540903
-0.516437
-0.490686
-0.463716
-0.435593
-0.406387
-0.376171
-0.345019
-0.31301
-0.280222
-0.246738
-0.212641
-0.178014
-0.142946
-0.107521
-0.0718297
-0.0359595
-9.18217e-17
0
-0.0374967
-0.0749001
-0.112117
-0.149056
-0.185624
-0.22173
-0.257285
-0.292201
-0.32639
-0.359768
-0.392251
-0.423759
-0.454213
-0.483538
-0.511661
-0.538512
-0.564025
-0.588134
-0.610782
-0.631911
-0.65147
-0.669408
-0.685682
-0.700252
-0.71308
-0.724136
-0.733392
-0.740824
-0.746414
-0.750149
-0.752018
-0.752018
-0.750149
-0.746414
-0.740824
-0.733392
-0.724136
-0.71308
-0.700252
-0.685682
-0.669408
-0.65147
-0.631911
-0.610782
-0.588134
-0.564025
-0.538512
-0.511661
-0.483538
-0.454213
-0.423759
-0.392251
-0.359768
-0.32639
-0.292201
-0.257285
-0.22173
-0.185624
-0.149056
-0.112117
-0.0749001
-0.0374967
-9.57467e-17
0
-0.0389406
-0.0777844
-0.116435
-0.154796
-0.192772
-0.230269
-0.267193
-0.303453
-0.338959
-0.373621
-0.407355
-0.440077
-0.471704
-0.502158
-0.531364
-0.559249
-0.585744
-0.610782
-0.634302
-0.656245
-0.676556
-0.695185
-0.712086
-0.727217
-0.74054
-0.752021
-0.761633
-0.769351
-0.775157
-0.779035
-0.780977
-0.780977
-0.779035
-0.775157
-0.769351
-0.761633
-0.752021
-0.74054
-0.727217
-0.712086
-0.695185
-0.676556
-0.656245
-0.634302
-0.610782
-0.585744
-0.559249
-0.531364
-0.502158
-0.471704
-0.440077
-0.407355
-0.373621
-0.338959
-0.303453
-0.267193
-0.230269
-0.192772
-0.154796
-0.116435
-0.0777844
-0.0389406
-9.94337e-17
0
-0.0402877
-0.0804752
-0.120463
-0.160151
-0.19944
-0.238234
-0.276436
-0.31395
-0.350684
-0.386546
-0.421447
-0.455301
-0.488022
-0.51953
-0.549746
-0.578596
-0.606007
-0.631911
-0.656245
-0.678947
-0.699961
-0.719234
-0.73672
-0.752374
-0.766158
-0.778036
-0.787981
-0.795966
-0.801972
-0.805985
-0.807994
-0.807994
-0.805985
-0.801972
-0.795966
-0.787981
-0.778036
-0.766158
-0.752374
-0.73672
-0.719234
-0.699961
-0.678947
-0.656245
-0.631911
-0.606007
-0.578596
-0.549746
-0.51953
-0.488022
-0.455301
-0.421447
-0.386546
-0.350684
-0.31395
-0.276436
-0.238234
-0.19944
-0.160151
-0.120463
-0.0804752
-0.0402877
-1.02874e-16
0
-0.0415346
-0.082966
-0.124191
-0.165107
-0.205613
-0.245608
-0.284992
-0.323667
-0.361538
-0.39851
-0.434492
-0.469393
-0.503127
-0.53561
-0.566761
-0.596504
-0.624763
-0.65147
-0.676556
-0.699961
-0.721625
-0.741495
-0.759522
-0.775661
-0.789871
-0.802117
-0.812369
-0.820602
-0.826794
-0.830931
-0.833002
-0.833002
-0.830931
-0.826794
-0.820602
-0.812369
-0.802117
-0.789871
-0.775661
-0.759522
-0.741495
-0.721625
-0.699961
-0.676556
-0.65147
-0.624763
-0.596504
-0.566761
-0.53561
-0.503127
-0.469393
-0.434492
-0.39851
-0.361538
-0.323667
-0.284992
-0.245608
-0.205613
-0.165107
-0.124191
-0.082966
-0.0415346
-1.06058e-16
0
-0.0426783
-0.0852505
-0.127611
-0.169654
-0.211275
-0.252371
-0.292839
-0.33258
-0.371493
-0.409483
-0.446455
-0.482317
-0.51698
-0.550358
-0.582367
-0.612929
-0.641966
-0.669408
-0.695185
-0.719234
-0.741495
-0.761913
-0.780436
-0.797019
-0.81162
-0.824204
-0.834738
-0.843197
-0.84956
-0.853811
-0.855939
-0.855939
-0.853811
-0.84956
-0.843197
-0.834738
-0.824204
-0.81162
-0.797019
-0.780436
-0.761913
-0.741495
-0.719234
-0.695185
-0.669408
-0.641966
-0.612929
-0.582367
-0.550358
-0.51698
-0.482317
-0.446455
-0.409483
-0.371493
-0.33258
-0.292839
-0.252371
-0.211275
-0.169654
-0.127611
-0.0852505
-0.0426783
-1.08978e-16
0
-0.0437159
-0.0873231
-0.130713
-0.173778
-0.216411
-0.258506
-0.299959
-0.340665
-0.380525
-0.419439
-0.457309
-0.494043
-0.529549
-0.563738
-0.596525
-0.62783
-0.657574
-0.685682
-0.712086
-0.73672
-0.759522
-0.780436
-0.799409
-0.816395
-0.831352
-0.844241
-0.855032
-0.863697
-0.870214
-0.874568
-0.876748
-0.876748
-0.874568
-0.870214
-0.863697
-0.855032
-0.844241
-0.831352
-0.816395
-0.799409
-0.780436
-0.759522
-0.73672
-0.712086
-0.685682
-0.657574
-0.62783
-0.596525
-0.563738
-0.529549
-0.494043
-0.457309
-0.419439
-0.380525
-0.340665
-0.299959
-0.258506
-0.216411
-0.173778
-0.130713
-0.0873231
-0.0437159
-1.11627e-16
0
-0.0446448
-0.0891785
-0.133491
-0.177471
-0.22101
-0.263999
-0.306332
-0.347904
-0.38861
-0.428351
-0.467026
-0.504541
-0.540801
-0.575716
-0.609201
-0.64117
-0.671546
-0.700252
-0.727217
-0.752374
-0.775661
-0.797019
-0.816395
-0.833742
-0.849017
-0.86218
-0.8732
-0.882049
-0.888705
-0.893151
-0.895377
-0.895377
-0.893151
-0.888705
-0.882049
-0.8732
-0.86218
-0.849017
-0.833742
-0.816395
-0.797019
-0.775661
-0.752374
-0.727217
-0.700252
-0.671546
-0.64117
-0.609201
-0.575716
-0.540801
-0.504541
-0.467026
-0.428351
-0.38861
-0.347904
-0.306332
-0.263999
-0.22101
-0.177471
-0.133491
-0.0891785
-0.0446448
-1.13999e-16
0
-0.0454626
-0.0908123
-0.135936
-0.180722
-0.225059
-0.268836
-0.311944
-0.354277
-0.39573
-0.436198
-0.475582
-0.513784
-0.550708
-0.586264
-0.620361
-0.652916
-0.683849
-0.71308
-0.74054
-0.766158
-0.789871
-0.81162
-0.831352
-0.849017
-0.864571
-0.877975
-0.889197
-0.898208
-0.904986
-0.909514
-0.911781
-0.911781
-0.909514
-0.904986
-0.898208
-0.889197
-0.877975
-0.864571
-0.849017
-0.831352
-0.81162
-0.789871
-0.766158
-0.74054
-0.71308
-0.683849
-0.652916
-0.620361
-0.586264
-0.550708
-0.513784
-0.475582
-0.436198
-0.39573
-0.354277
-0.311944
-0.268836
-0.225059
-0.180722
-0.135936
-0.0908123
-0.0454626
-1.16088e-16
0
-0.0461675
-0.0922202
-0.138044
-0.183524
-0.228548
-0.273004
-0.316781
-0.35977
-0.401865
-0.442961
-0.482956
-0.52175
-0.559247
-0.595353
-0.629979
-0.663039
-0.694451
-0.724136
-0.752021
-0.778036
-0.802117
-0.824204
-0.844241
-0.86218
-0.877975
-0.891587
-0.902983
-0.912134
-0.919017
-0.923615
-0.925917
-0.925917
-0.923615
-0.919017
-0.912134
-0.902983
-0.891587
-0.877975
-0.86218
-0.844241
-0.824204
-0.802117
-0.778036
-0.752021
-0.724136
-0.694451
-0.663039
-0.629979
-0.595353
-0.559247
-0.52175
-0.482956
-0.442961
-0.401865
-0.35977
-0.316781
-0.273004
-0.228548
-0.183524
-0.138044
-0.0922202
-0.0461675
-1.17887e-16
0
-0.0467576
-0.0933989
-0.139808
-0.18587
-0.231469
-0.276493
-0.32083
-0.364369
-0.407002
-0.448623
-0.489129
-0.528419
-0.566395
-0.602963
-0.638031
-0.671514
-0.703327
-0.733392
-0.761633
-0.787981
-0.812369
-0.834738
-0.855032
-0.8732
-0.889197
-0.902983
-0.914524
-0.923792
-0.930763
-0.93542
-0.937752
-0.937752
-0.93542
-0.930763
-0.923792
-0.914524
-0.902983
-0.889197
-0.8732
-0.855032
-0.834738
-0.812369
-0.787981
-0.761633
-0.733392
-0.703327
-0.671514
-0.638031
-0.602963
-0.566395
-0.528419
-0.489129
-0.448623
-0.407002
-0.364369
-0.32083
-0.276493
-0.231469
-0.18587
-0.139808
-0.0933989
-0.0467576
-1.19394e-16
0
-0.0472314
-0.0943454
-0.141225
-0.187753
-0.233815
-0.279295
-0.324081
-0.368061
-0.411126
-0.453169
-0.494086
-0.533773
-0.572134
-0.609073
-0.644497
-0.678319
-0.710455
-0.740824
-0.769351
-0.795966
-0.820602
-0.843197
-0.863697
-0.882049
-0.898208
-0.912134
-0.923792
-0.933154
-0.940195
-0.9449
-0.947255
-0.947255
-0.9449
-0.940195
-0.933154
-0.923792
-0.912134
-0.898208
-0.882049
-0.863697
-0.843197
-0.820602
-0.795966
-0.769351
-0.740824
-0.710455
-0.678319
-0.644497
-0.609073
-0.572134
-0.533773
-0.494086
-0.453169
-0.411126
-0.368061
-0.324081
-0.279295
-0.233815
-0.187753
-0.141225
-0.0943454
-0.0472314
-1.20604e-16
0
-0.0475878
-0.0950574
-0.142291
-0.18917
-0.235579
-0.281403
-0.326526
-0.370839
-0.414229
-0.456589
-0.497814
-0.537801
-0.576452
-0.613669
-0.649361
-0.683438
-0.715816
-0.746414
-0.775157
-0.801972
-0.826794
-0.84956
-0.870214
-0.888705
-0.904986
-0.919017
-0.930763
-0.940195
-0.94729
-0.95203
-0.954403
-0.954403
-0.95203
-0.94729
-0.940195
-0.930763
-0.919017
-0.904986
-0.888705
-0.870214
-0.84956
-0.826794
-0.801972
-0.775157
-0.746414
-0.715816
-0.683438
-0.649361
-0.613669
-0.576452
-0.537801
-0.497814
-0.456589
-0.414229
-0.370839
-0.326526
-0.281403
-0.235579
-0.18917
-0.142291
-0.0950574
-0.0475878
-1.21514e-16
0
-0.0478259
-0.095533
-0.143003
-0.190117
-0.236758
-0.282811
-0.32816
-0.372694
-0.416301
-0.458873
-0.500305
-0.540492
-0.579336
-0.616739
-0.65261
-0.686857
-0.719397
-0.750149
-0.779035
-0.805985
-0.830931
-0.853811
-0.874568
-0.893151
-0.909514
-0.923615
-0.93542
-0.9449
-0.95203
-0.956793
-0.959178
-0.959178
-0.956793
-0.95203
-0.9449
-0.93542
-0.923615
-0.909514
-0.893151
-0.874568
-0.853811
-0.830931
-0.805985
-0.779035
-0.750149
-0.719397
-0.686857
-0.65261
-0.616739
-0.579336
-0.540492
-0.500305
-0.458873
-0.416301
-0.372694
-0.32816
-0.282811
-0.236758
-0.190117
-0.143003
-0.095533
-0.0478259
-1.22122e-16
0
-0.0479451
-0.0957711
-0.143359
-0.19059
-0.237348
-0.283515
-0.328978
-0.373623
-0.417339
-0.460017
-0.501552
-0.541839
-0.58078
-0.618277
-0.654236
-0.688569
-0.72119
-0.752018
-0.780977
-0.807994
-0.833002
-0.855939
-0.876748
-0.895377
-0.911781
-0.925917
-0.937752
-0.947255
-0.954403
-0.959178
-0.961569
-0.961569
-0.959178
-0.954403
-0.947255
-0.937752
-0.925917
-0.911781
-0.895377
-0.876748
-0.855939
-0.833002
-0.807994
-0.780977
-0.752018
-0.72119
-0.688569
-0.654236
-0.618277
-0.58078
-0.541839
-0.501552
-0.460017
-0.417339
-0.373623
-0.328978
-0.283515
-0.237348
-0.19059
-0.143359
-0.0957711
-0.0479451
-1.22427e-16
0
-0.0479451
-0.0957711
-0.143359
-0.19059
-0.237348
-0.283515
-0.328978
-0.373623
-0.417339
-0.460017
-0.501552
-0.541839
-0.58078
-0.618277
-0.654236
-0.688569
-0.72119
-0.752018
-0.780977
-0.807994
-0.833002
-0.855939
-0.876748
-0.895377
-0.911781
-0.925917
-0.937752
-0.947255
-0.954403
-0.959178
-0.961569
-0.961569
-0.959178
-0.954403
-0.947255
-0.937752
-0.925917
-0.911781
-0.895377
-0.876748
-0.855939
-0.833002
-0.807994
-0.780977
-0.752018
-0.72119
-0.688569
-0.654236
-0.618277
-0.58078
-0.541839
-0.501552
-0.460017
-0.417339
-0.373623
-0.328978
-0.283515
-0.237348
-0.19059
-0.143359
-0.0957711
-0.0479451
-1.22427e-16
0
-0.0478259
-0.095533
-0.143003
-0.190117
-0.236758
-0.282811
-0.32816
-0.372694
-0.416301
-0.458873
-0.500305
-0.540492
-0.579336
-0.616739
-0.65261
-0.686857
-0.719397
-0.750149
-0.779035
-0.805985
-0.830931
-0.853811
-0.874568
-0.893151
-0.909514
-0.923615
-0.93542
-0.9449
-0.95203
-0.956793
-0.959178
-0.959178
-0.956793
-0.95203
-0.9449
-0.93542
-0.923615
-0.909514
-0.893151
-0.874568
-0.853811
-0.830931
-0.805985
-0.779035
-0.750149
-0.719397
-0.686857
-0.65261
-0.616739
-0.579336
-0.540492
-0.500305
-0.458873
-0.416301
-0.372694
-0.32816
-0.282811
-0.236758
-0.190117
-0.143003
-0.095533
-0.0478259
-1.22122e-16
0
-0.0475878
-0.0950574
-0.142291
-0.18917
-0.235579
-0.281403
-0.326526
-0.370839
-0.414229
-0.456589
-0.497814
-0.537801
-0.576452
-0.613669
-0.649361
-0.683438
-0.715816
-0.746414
-0.775157
-0.801972
-0.826794
-0.84956
-0.870214
-0.888705
-0.904986
-0.919017
-0.930763
-0.940195
-0.94729
-0.95203
-0.954403
-0.954403
-0.95203
-0.94729
-0.940195
-0.930763
-0.919017
-0.904986
-0.888705
-0.870214
-0.84956
-0.826794
-0.801972
-0.775157
-0.746414
-0.715816
-0.683438
-0.649361
-0.613669
-0.576452
-0.537801
-0.497814
-0.456589
-0.414229
-0.370839
-0.326526
-0.281403
-0.235579
-0.18917
-0.142291
-0.0950574
-0.0475878
-1.21514e-16
0
-0.0472314
-0.0943454
-0.141225
-0.187753
-0.233815
-0.279295
-0.324081
-0.368061
-0.411126
-0.453169
-0.494086
-0.533773
-0.572134
-0.609073
-0.644497
-0.678319
-0.710455
-0.740824
-0.769351
-0.795966
-0.820602
-0.843197
-0.863697
-0.882049
-0.898208
-0.912134
-0.923792
-0.933154
-0.940195
-0.9449
-0.947255
-0.947255
-0.9449
-0.940195
-0.933154
-0.923792
-0.912134
-0.898208
-0.882049
-0.863697
-0.843197
-0.820602
-0.795966
-0.769351
-0.740824
-0.710455
-0.678319
-0.644497
-0.609073
-0.572134
-0.533773
-0.494086
-0.453169
-0.411126
-0.368061
-0.324081
-0.279295
-0.233815
-0.187753
-0.141225
-0.0943454
-0.0472314
-1.20604e-16
0
-0.0467576
-0.0933989
-0.139808
-0.18587
-0.231469
-0.276493
-0.32083
-0.364369
-0.407002
-0.448623
-0.489129
-0.528419
-0.566395
-0.602963
-0.638031
-0.671514
-0.703327
-0.733392
-0.761633
-0.787981
-0.812369
-0.834738
-0.855032
-0.8732
-0.889197
-0.902983
-0.914524
-0.923792
-0.930763
-0.93542
-0.937752
-0.937752
-0.93542
-0.930763
-0.923792
-0.914524
-0.902983
-0.889197
-0.8732
-0.855032
-0.834738
-0.812369
-0.787981
-0.761633
-0.733392
-0.703327
-0.671514
-0.638031
-0.602963
-0.566395
-0.528419
-0.489129
-0.448623
-0.407002
-0.364369
-0.32083
-0.276493
-0.231469
-0.18587
-0.139808
-0.0933989
-0.0467576
-1.19394e-16
0
-0.0461675
-0.0922202
-0.138044
-0.183524
-0.228548
-0.273004
-0.316781
-0.35977
-0.401865
-0.442961
-0.482956
-0.52175
-0.559247
-0.595353
-0.629979
-0.663039
-0.694451
-0.724136
-0.752021
-0.778036
-0.802117
-0.824204
-0.844241
-0.86218
-0.877975
-0.891587
-0.902983
-0.912134
-0.919017
-0.923615
-0.925917
-0.925917
-0.923615
-0.919017
-0.912134
-0.902983
-0.891587
-0.877975
-0.86218
-0.844241
-0.824204
-0.802117
-0.778036
-0.752021
-0.724136
-0.694451
-0.663039
-0.629979
-0.595353
-0.559247
-0.52175
-0.482956
-0.442961
-0.401865
-0.35977
-0.316781
-0.273004
-0.228548
-0.183524
-0.138044
-0.0922202
-0.0461675
-1.17887e-16
0
-0.0454626
-0.0908123
-0.135936
-0.180722
-0.225059
-0.268836
-0.311944
-0.354277
-0.39573
-0.436198
-0.475582
-0.513784
-0.550708
-0.586264
-0.620361
-0.652916
-0.683849
-0.71308
-0.74054
-0.766158
-0.789871
-0.81162
-0.831352
-0.849017
-0.864571
-0.877975
-0.889197
-0.898208
-0.904986
-0.909514
-0.911781
-0.911781
-0.909514
-0.904986
-0.898208
-0.889197
-0.877975
-0.864571
-0.849017
-0.831352
-0.81162
-0.789871
-0.766158
-0.74054
-0.71308
-0.683849
-0.652916
-0.620361
-0.586264
-0.550708
-0.513784
-0.475582
-0.436198
-0.39573
-0.354277
-0.311944
-0.268836
-0.225059
-0.180722
-0.135936
-0.0908123
-0.0454626
-1.16088e-16
0
-0.0446448
-0.0891785
-0.133491
-0.177471
-0.22101
-0.263999
-0.306332
-0.347904
-0.38861
-0.428351
-0.467026
-0.504541
-0.540801
-0.575716
-0.609201
-0.64117
-0.671546
-0.700252
-0.727217
-0.752374
-0.775661
-0.797019
-0.816395
-0.833742
-0.849017
-0.86218
-0.8732
-0.882049
-0.888705
-0.893151
-0.895377
-0.895377
-0.893151
-0.888705
-0.882049
-0.8732
-0.86218
-0.849017
-0.833742
-0.816395
-0.797019
-0.775661
-0.752374
-0.727217
-0.700252
-0.671546
-0.64117
-0.609201
-0.575716
-0.540801
-0.504541
-0.467026
-0.428351
-0.38861
-0.347904
-0.306332
-0.263999
-0.22101
-0.177471
-0.133491
-0.0891785
-0.0446448
-1.13999e-16
0
-0.0437159
-0.0873231
-0.130713
-0.173778
-0.216411
-0.258506
-0.299959
-0.340665
-0.380525
-0.419439
-0.457309
-0.494043
-0.529549
-0.563738
-0.596525
-0.62783
-0.657574
-0.685682
-0.712086
-0.73672
-0.759522
-0.780436
-0.799409
-0.816395
-0.831352
-0.844241
-0.855032
-0.863697
-0.870214
-0.874568
-0.876748
-0.876748
-0.874568
-0.870214
-0.863697
-0.855032
-0.844241
-0.831352
-0.816395
-0.799409
-0.780436
-0.759522
-0.73672
-0.712086
-0.685682
-0.657574
-0.62783
-0.596525
-0.563738
-0.529549
-0.494043
-0.457309
-0.419439
-0.380525
-0.340665
-0.299959
-0.258506
-0.216411
-0.173778
-0.130713
-0.0873231
-0.0437159
-1.11627e-16
0
-0.0426783
-0.0852505
-0.127611
-0.169654
-0.211275
-0.252371
-0.292839
-0.33258
-0.371493
-0.409483
-0.446455
-0.482317
-0.51698
-0.550358
-0.582367
-0.612929
-0.641966
-0.669408
-0.695185
-0.719234
-0.741495
-0.761913
-0.780436
-0.797019
-0.81162
-0.824204
-0.834738
-0.843197
-0.84956
-0.853811
-0.855939
-0.855939
-0.853811
-0.84956
-0.843197
-0.834738
-0.824204
-0.81162
-0.797019
-0.780436
-0.761913
-0.741495
-0.719234
-0.695185
-0.669408
-0.641966
-0.612929
-0.582367
-0.550358
-0.51698
-0.482317
-0.446455
-0.409483
-0.371493
-0.33258
-0.292839
-0.252371
-0.211275
-0.169654
-0.127611
-0.0852505
-0.0426783
-1.08978e-16
0
-0.0415346
-0.082966
-0.124191
-0.165107
-0.205613
-0.245608
-0.284992
-0.323667
-0.361538
-0.39851
-0.434492
-0.469393
-0.503127
-0.53561
-0.566761
-0.596504
-0.624763
-0.65147
-0.676556
-0.699961
-0.721625
-0.741495
-0.759522
-0.775661
-0.789871
-0.802117
-0.812369
-0.820602
-0.826794
-0.830931
-0.833002
-0.833002
-0.830931
-0.826794
-0.820602
-0.812369
-0.802117
-0.789871
-0.775661
-0.759522
-0.741495
-0.721625
-0.699961
-0.676556
-0.65147
-0.624763
-0.596504
-0.566761
-0.53561
-0.503127
-0.469393
-0.434492
-0.39851
-0.361538
-0.323667
-0.284992
-0.245608
-0.205613
-0.165107
-0.124191
-0.082966
-0.0415346
-1.06058e-16
0
-0.0402877
-0.0804752
-0.120463
-0.160151
-0.19944
-0.238234
-0.276436
-0.31395
-0.350684
-0.386546
-0.421447
-0.455301
-0.488022
-0.51953
-0.549746
-0.578596
-0.606007
-0.631911
-0.656245
-0.678947
-0.699961
-0.719234
-0.73672
-0.752374
-0.766158
-0.778036
-0.787981
-0.795966
-0.801972
-0.805985
-0.807994
-0.807994
-0.805985
-0.801972
-0.795966
-0.787981
-0.778036
-0.766158
-0.752374
-0.73672
-0.719234
-0.699961
-0.678947
-0.656245
-0.631911
-0.606007
-0.578596
-0.549746
-0.51953
-0.488022
-0.455301
-0.421447
-0.386546
-0.350684
-0.31395
-0.276436
-0.238234
-0.19944
-0.160151
-0.120463
-0.0804752
-0.0402877
-1.02874e-16
0
-0.0389406
-0.0777844
-0.116435
-0.154796
-0.192772
-0.230269
-0.267193
-0.303453
-0.338959
-0.373621
-0.407355
-0.440077
-0.471704
-0.502158
-0.531364
-0.559249
-0.585744
-0.610782
-0.634302
-0.656245
-0.676556
-0.695185
-0.712086
-0.727217
-0.74054
-0.752021
-0.761633
-0.769351
-0.775157
-0.779035
-0.780977
-0.780977
-0.779035
-0.775157
-0.769351
-0.761633
-0.752021
-0.74054
-0.727217
-0.712086
-0.695185
-0.676556
-0.656245
-0.634302
-0.610782
-0.585744
-0.559249
-0.531364
-0.502158
-0.471704
-0.440077
-0.407355
-0.373621
-0.338959
-0.303453
-0.267193
-0.230269
-0.192772
-0.154796
-0.116435
-0.0777844
-0.0389406
-9.94337e-17
0
-0.0374967
-0.0749001
-0.112117
-0.149056
-0.185624
-0.22173
-0.257285
-0.292201
-0.32639
-0.359768
-0.392251
-0.423759
-0.454213
-0.483538
-0.511661
-0.538512
-0.564025
-0.588134
-0.610782
-0.631911
-0.65147
-0.669408
-0.685682
-0.700252
-0.71308
-0.724136
-0.733392
-0.740824
-0.746414
-0.750149
-0.752018
-0.752018
-0.750149
-0.746414
-0.740824
-0.733392
-0.724136
-0.71308
-0.700252
-0.685682
-0.669408
-0.65147
-0.631911
-0.610782
-0.588134
-0.564025
-0.538512
-0.511661
-0.483538
-0.454213
-0.423759
-0.392251
-0.359768
-0.32639
-0.292201
-0.257285
-0.22173
-0.185624
-0.149056
-0.112117
-0.0749001
-0.0374967
-9.57467e-17
0
-0.0359595
-0.0718297
-0.107521
-0.142946
-0.178014
-0.212641
-0.246738
-0.280222
-0.31301
-0.345019
-0.376171
-0.406387
-0.435593
-0.463716
-0.490686
-0.516437
-0.540903
-0.564025
-0.585744
-0.606007
-0.624763
-0.641966
-0.657574
-0.671546
-0.683849
-0.694451
-0.703327
-0.710455
-0.715816
-0.719397
-0.72119
-0.72119
-0.719397
-0.715816
-0.710455
-0.703327
-0.694451
-0.683849
-0.671546
-0.657574
-0.641966
-0.624763
-0.606007
-0.585744
-0.564025
-0.540903
-0.516437
-0.490686
-0.463716
-0.435593
-0.406387
-0.376171
-0.345019
-0.31301
-0.280222
-0.246738
-0.212641
-0.178014
-0.142946
-0.107521
-0.0718297
-0.0359595
-9.18217e-17
0
-0.034333
-0.0685807
-0.102658
-0.13648
-0.169962
-0.203022
-0.235578
-0.267547
-0.298852
-0.329413
-0.359156
-0.388005
-0.41589
-0.442741
-0.468492
-0.493077
-0.516437
-0.538512
-0.559249
-0.578596
-0.596504
-0.612929
-0.62783
-0.64117
-0.652916
-0.663039
-0.671514
-0.678319
-0.683438
-0.686857
-0.688569
-0.688569
-0.686857
-0.683438
-0.678319
-0.671514
-0.663039
-0.652916
-0.64117
-0.62783
-0.612929
-0.596504
-0.578596
-0.559249
-0.538512
-0.516437
-0.493077
-0.468492
-0.442741
-0.41589
-0.388005
-0.359156
-0.329413
-0.298852
-0.267547
-0.235578
-0.203022
-0.169962
-0.13648
-0.102658
-0.0685807
-0.034333
-8.76684e-17
0
-0.0326211
-0.0651611
-0.0975392
-0.129675
-0.161488
-0.192899
-0.223832
-0.254207
-0.283951
-0.312988
-0.341248
-0.368659
-0.395153
-0.420666
-0.445132
-0.468492
-0.490686
-0.511661
-0.531364
-0.549746
-0.566761
-0.582367
-0.596525
-0.609201
-0.620361
-0.629979
-0.638031
-0.644497
-0.649361
-0.65261
-0.654236
-0.654236
-0.65261
-0.649361
-0.644497
-0.638031
-0.629979
-0.620361
-0.609201
-0.596525
-0.582367
-0.566761
-0.549746
-0.531364
-0.511661
-0.490686
-0.468492
-0.445132
-0.420666
-0.395153
-0.368659
-0.341248
-0.312988
-0.283951
-0.254207
-0.223832
-0.192899
-0.161488
-0.129675
-0.0975392
-0.0651611
-0.0326211
-8.32971e-17
0
-0.0308281
-0.0615796
-0.092178
-0.122547
-0.152612
-0.182297
-0.211529
-0.240235
-0.268344
-0.295785
-0.322491
-0.348396
-0.373434
-0.397544
-0.420666
-0.442741
-0.463716
-0.483538
-0.502158
-0.51953
-0.53561
-0.550358
-0.563738
-0.575716
-0.586264
-0.595353
-0.602963
-0.609073
-0.613669
-0.616739
-0.618277
-0.618277
-0.616739
-0.613669
-0.609073
-0.602963
-0.595353
-0.586264
-0.575716
-0.563738
-0.550358
-0.53561
-0.51953
-0.502158
-0.483538
-0.463716
-0.442741
-0.420666
-0.397544
-0.373434
-0.348396
-0.322491
-0.295785
-0.268344
-0.240235
-0.211529
-0.182297
-0.152612
-0.122547
-0.092178
-0.0615796
-0.0308281
-7.87188e-17
0
-0.0289585
-0.057845
-0.0865877
-0.115115
-0.143356
-0.171241
-0.1987
-0.225665
-0.252069
-0.277847
-0.302933
-0.327267
-0.350787
-0.373434
-0.395153
-0.41589
-0.435593
-0.454213
-0.471704
-0.488022
-0.503127
-0.51698
-0.529549
-0.540801
-0.550708
-0.559247
-0.566395
-0.572134
-0.576452
-0.579336
-0.58078
-0.58078
-0.579336
-0.576452
-0.572134
-0.566395
-0.559247
-0.550708
-0.540801
-0.529549
-0.51698
-0.503127
-0.488022
-0.471704
-0.454213
-0.435593
-0.41589
-0.395153
-0.373434
-0.350787
-0.327267
-0.302933
-0.277847
-0.252069
-0.225665
-0.1987
-0.171241
-0.143356
-0.115115
-0.0865877
-0.057845
-0.0289585
-7.39447e-17
0
-0.0270169
-0.0539665
-0.0807821
-0.107397
-0.133744
-0.15976
-0.185378
-0.210535
-0.235168
-0.259217
-0.282622
-0.305324
-0.327267
-0.348396
-0.368659
-0.388005
-0.406387
-0.423759
-0.440077
-0.455301
-0.469393
-0.482317
-0.494043
-0.504541
-0.513784
-0.52175
-0.528419
-0.533773
-0.537801
-0.540492
-0.541839
-0.541839
-0.540492
-0.537801
-0.533773
-0.528419
-0.52175
-0.513784
-0.504541
-0.494043
-0.482317
-0.469393
-0.455301
-0.440077
-0.423759
-0.406387
-0.388005
-0.368659
-0.348396
-0.327267
-0.305324
-0.282622
-0.259217
-0.235168
-0.210535
-0.185378
-0.15976
-0.133744
-0.107397
-0.0807821
-0.0539665
-0.0270169
-6.89868e-17
0
-0.0250081
-0.0499539
-0.0747756
-0.0994114
-0.1238
-0.147881
-0.171594
-0.194881
-0.217683
-0.239944
-0.261608
-0.282622
-0.302933
-0.322491
-0.341248
-0.359156
-0.376171
-0.392251
-0.407355
-0.421447
-0.434492
-0.446455
-0.457309
-0.467026
-0.475582
-0.482956
-0.489129
-0.494086
-0.497814
-0.500305
-0.501552
-0.501552
-0.500305
-0.497814
-0.494086
-0.489129
-0.482956
-0.475582
-0.467026
-0.457309
-0.446455
-0.434492
-0.421447
-0.407355
-0.392251
-0.376171
-0.359156
-0.341248
-0.322491
-0.302933
-0.282622
-0.261608
-0.239944
-0.217683
-0.194881
-0.171594
-0.147881
-0.1238
-0.0994114
-0.0747756
-0.0499539
-0.0250081
-6.38574e-17
0
-0.0229371
-0.0458171
-0.0685833
-0.0911789
-0.113548
-0.135635
-0.157384
-0.178742
-0.199656
-0.220073
-0.239944
-0.259217
-0.277847
-0.295785
-0.312988
-0.329413
-0.345019
-0.359768
-0.373621
-0.386546
-0.39851
-0.409483
-0.419439
-0.428351
-0.436198
-0.442961
-0.448623
-0.453169
-0.456589
-0.458873
-0.460017
-0.460017
-0.458873
-0.456589
-0.453169
-0.448623
-0.442961
-0.436198
-0.428351
-0.419439
-0.409483
-0.39851
-0.386546
-0.373621
-0.359768
-0.345019
-0.329413
-0.312988
-0.295785
-0.277847
-0.259217
-0.239944
-0.220073
-0.199656
-0.178742
-0.157384
-0.135635
-0.113548
-0.0911789
-0.0685833
-0.0458171
-0.0229371
-5.85692e-17
0
-0.0208091
-0.0415664
-0.0622204
-0.0827198
-0.103013
-0.123051
-0.142783
-0.162159
-0.181133
-0.199656
-0.217683
-0.235168
-0.252069
-0.268344
-0.283951
-0.298852
-0.31301
-0.32639
-0.338959
-0.350684
-0.361538
-0.371493
-0.380525
-0.38861
-0.39573
-0.401865
-0.407002
-0.411126
-0.414229
-0.416301
-0.417339
-0.417339
-0.416301
-0.414229
-0.411126
-0.407002
-0.401865
-0.39573
-0.38861
-0.380525
-0.371493
-0.361538
-0.350684
-0.338959
-0.32639
-0.31301
-0.298852
-0.283951
-0.268344
-0.252069
-0.235168
-0.217683
-0.199656
-0.181133
-0.162159
-0.142783
-0.123051
-0.103013
-0.0827198
-0.0622204
-0.0415664
-0.0208091
-5.31354e-17
0
-0.0186294
-0.0372124
-0.0557029
-0.0740549
-0.0922229
-0.110162
-0.127826
-0.145173
-0.162159
-0.178742
-0.194881
-0.210535
-0.225665
-0.240235
-0.254207
-0.267547
-0.280222
-0.292201
-0.303453
-0.31395
-0.323667
-0.33258
-0.340665
-0.347904
-0.354277
-0.35977
-0.364369
-0.368061
-0.370839
-0.372694
-0.373623
-0.373623
-0.372694
-0.370839
-0.368061
-0.364369
-0.35977
-0.354277
-0.347904
-0.340665
-0.33258
-0.323667
-0.31395
-0.303453
-0.292201
-0.280222
-0.267547
-0.254207
-0.240235
-0.225665
-0.210535
-0.194881
-0.178742
-0.162159
-0.145173
-0.127826
-0.110162
-0.0922229
-0.0740549
-0.0557029
-0.0372124
-0.0186294
-4.75695e-17
0
-0.0164033
-0.0327658
-0.0490469
-0.065206
-0.081203
-0.0969981
-0.112552
-0.127826
-0.142783
-0.157384
-0.171594
-0.185378
-0.1987
-0.211529
-0.223832
-0.235578
-0.246738
-0.257285
-0.267193
-0.276436
-0.284992
-0.292839
-0.299959
-0.306332
-0.311944
-0.316781
-0.32083
-0.324081
-0.326526
-0.32816
-0.328978
-0.328978
-0.32816
-0.326526
-0.324081
-0.32083
-0.316781
-0.311944
-0.306332
-0.299959
-0.292839
-0.284992
-0.276436
-0.267193
-0.257285
-0.246738
-0.235578
-0.223832
-0.211529
-0.1987
-0.185378
-0.171594
-0.157384
-0.142783
-0.127826
-0.112552
-0.0969981
-0.081203
-0.065206
-0.0490469
-0.0327658
-0.0164033
-4.18854e-17
0
-0.0141365
-0.0282378
-0.0422689
-0.056195
-0.0699813
-0.0835936
-0.0969981
-0.110162
-0.123051
-0.135635
-0.147881
-0.15976
-0.171241
-0.182297
-0.192899
-0.203022
-0.212641
-0.22173
-0.230269
-0.238234
-0.245608
-0.252371
-0.258506
-0.263999
-0.268836
-0.273004
-0.276493
-0.279295
-0.281403
-0.282811
-0.283515
-0.283515
-0.282811
-0.281403
-0.279295
-0.276493
-0.273004
-0.268836
-0.263999
-0.258506
-0.252371
-0.245608
-0.238234
-0.230269
-0.22173
-0.212641
-0.203022
-0.192899
-0.182297
-0.171241
-0.15976
-0.147881
-0.135635
-0.123051
-0.110162
-0.0969981
-0.0835936
-0.0699813
-0.056195
-0.0422689
-0.0282378
-0.0141365
-3.60971e-17
0
-0.0118345
-0.0236396
-0.0353859
-0.0470442
-0.0585856
-0.0699813
-0.081203
-0.0922229
-0.103013
-0.113548
-0.1238
-0.133744
-0.143356
-0.152612
-0.161488
-0.169962
-0.178014
-0.185624
-0.192772
-0.19944
-0.205613
-0.211275
-0.216411
-0.22101
-0.225059
-0.228548
-0.231469
-0.233815
-0.235579
-0.236758
-0.237348
-0.237348
-0.236758
-0.235579
-0.233815
-0.231469
-0.228548
-0.225059
-0.22101
-0.216411
-0.211275
-0.205613
-0.19944
-0.192772
-0.185624
-0.178014
-0.169962
-0.161488
-0.152612
-0.143356
-0.133744
-0.1238
-0.113548
-0.103013
-0.0922229
-0.081203
-0.0699813
-0.0585856
-0.0470442
-0.0353859
-0.0236396
-0.0118345
-3.02191e-17
0
-0.0095031
-0.0189826
-0.0284149
-0.0377765
-0.0470442
-0.056195
-0.065206
-0.0740549
-0.0827198
-0.0911789
-0.0994114
-0.107397
-0.115115
-0.122547
-0.129675
-0.13648
-0.142946
-0.149056
-0.154796
-0.160151
-0.165107
-0.169654
-0.173778
-0.177471
-0.180722
-0.183524
-0.18587
-0.187753
-0.18917
-0.190117
-0.19059
-0.19059
-0.190117
-0.18917
-0.187753
-0.18587
-0.183524
-0.180722
-0.177471
-0.173778
-0.169654
-0.165107
-0.160151
-0.154796
-0.149056
-0.142946
-0.13648
-0.129675
-0.122547
-0.115115
-0.107397
-0.0994114
-0.0911789
-0.0827198
-0.0740549
-0.065206
-0.056195
-0.0470442
-0.0377765
-0.0284149
-0.0189826
-0.0095031
-2.42659e-17
0
-0.00714807
-0.0142784
-0.0213732
-0.0284149
-0.0353859
-0.0422689
-0.0490469
-0.0557029
-0.0622204
-0.0685833
-0.0747756
-0.0807821
-0.0865877
-0.092178
-0.0975392
-0.102658
-0.107521
-0.112117
-0.116435
-0.120463
-0.124191
-0.127611
-0.130713
-0.133491
-0.135936
-0.138044
-0.139808
-0.141225
-0.142291
-0.143003
-0.143359
-0.143359
-0.143003
-0.142291
-0.141225
-0.139808
-0.138044
-0.135936
-0.133491
-0.130713
-0.127611
-0.124191
-0.120463
-0.116435
-0.112117
-0.107521
-0.102658
-0.0975392
-0.092178
-0.0865877
-0.0807821
-0.0747756
-0.0685833
-0.0622204
-0.0557029
-0.0490469
-0.0422689
-0.0353859
-0.0284149
-0.0213732
-0.0142784
-0.00714807
-1.82524e-17
0
-0.00477528
-0.00953869
-0.0142784
-0.0189826
-0.0236396
-0.0282378
-0.0327658
-0.0372124
-0.0415664
-0.0458171
-0.0499539
-0.0539665
-0.057845
-0.0615796
-0.0651611
-0.0685807
-0.0718297
-0.0749001
-0.0777844
-0.0804752
-0.082966
-0.0852505
-0.0873231
-0.0891785
-0.0908123
-0.0922202
-0.0933989
-0.0943454
-0.0950574
-0.095533
-0.0957711
-0.0957711
-0.095533
-0.0950574
-0.0943454
-0.0933989
-0.0922202
-0.0908123
-0.0891785
-0.0873231
-0.0852505
-0.082966
-0.0804752
-0.0777844
-0.0749001
-0.0718297
-0.0685807
-0.0651611
-0.0615796
-0.057845
-0.0539665
-0.0499539
-0.0458171
-0.0415664
-0.0372124
-0.0327658
-0.0282378
-0.0236396
-0.0189826
-0.0142784
-0.00953869
-0.00477528
-1.21935e-17
0
-0.00239061
-0.00477528
-0.00714807
-0.0095031
-0.0118345
-0.0141365
-0.0164033
-0.0186294
-0.0208091
-0.0229371
-0.0250081
-0.0270169
-0.0289585
-0.0308281
-0.0326211
-0.034333
-0.0359595
-0.0374967
-0.0389406
-0.0402877
-0.0415346
-0.0426783
-0.0437159
-0.0446448
-0.0454626
-0.0461675
-0.0467576
-0.0472314
-0.0475878
-0.0478259
-0.0479451
-0.0479451
-0.0478259
-0.0475878
-0.0472314
-0.0467576
-0.0461675
-0.0454626
-0.0446448
-0.0437159
-0.0426783
-0.0415346
-0.0402877
-0.0389406
-0.0374967
-0.0359595
-0.034333
-0.0326211
-0.0308281
-0.0289585
-0.0270169
-0.0250081
-0.0229371
-0.0208091
-0.0186294
-0.0164033
-0.0141365
-0.0118345
-0.0095031
-0.00714807
-0.00477528
-0.00239061
-6.10436e-18
0
-6.10436e-18
-1.21935e-17
-1.82524e-17
-2.42659e-17
-3.02191e-17
-3.60971e-17
-4.18854e-17
-4.75695e-17
-5.31354e-17
-5.85692e-17
-6.38574e-17
-6.89868e-17
-7.39447e-17
-7.87188e-17
-8.32971e-17
-8.76684e-17
-9.18217e-17
-9.57467e-17
-9.94337e-17
-1.02874e-16
-1.06058e-16
-1.08978e-16
-1.11627e-16
-1.13999e-16
-1.16088e-16
-1.17887e-16
-1.19394e-16
-1.20604e-16
-1.21514e-16
-1.22122e-16
-1.22427e-16
-1.22427e-16
-1.22122e-16
-1.21514e-16
-1.20604e-16
-1.19394e-16
-1.17887e-16
-1.16088e-16
-1.13999e-16
-1.11627e-16
-1.08978e-16
-1.06058e-16
-1.02874e-16
-9.94337e-17
-9.57467e-17
-9.18217e-17
-8.76684e-17
-8.32971e-17
-7.87188e-17
-7.39447e-17
-6.89868e-17
-6.38574e-17
-5.85692e-17
-5.31354e-17
-4.75695e-17
-4.18854e-17
-3.60971e-17
-3.02191e-17
-2.42659e-17
-1.82524e-17
-1.21935e-17
-6.10436e-18
-1.49976e-32
