64
0
0
0
0
0
0
0
0
0
0
0
0
0
0
0
0
0
0
0
0
0
0
0
0
0
0
0
0
0
0
0
0
0
0
0
0
0
0
0
0
0
0
0
0
0
0
0
0
0
0
0
0
0
0
0
0
0
0
0
0
0
0
0
0
0
-0.00233186
-0.00465792
-0.00697241
-0.00926956
-0.0115437
-0.0137891
-0.0160002
-0.0181715
-0.0202977
-0.0223734
-0.0243935
-0.0263529
-0.0282468
-0.0300705
-0.0318194
-0.0334893
-0.0350758
-0.0365752
-0.0379836
-0.0392976
-0.0405139
-0.0416295
-0.0426415
-0.0435476
-0.0443454
-0.0450329
-0.0456085
-0.0460707
-0.0464184
-0.0466506
-0.0467669
-0.0467669
-0.0466506
-0.0464184
-0.0460707
-0.0456085
-0.0450329
-0.0443454
-0.0435476
-0.0426415
-0.0416295
-0.0405139
-0.0392976
-0.0379836
-0.0365752
-0.0350758
-0.0334893
-0.0318194
-0.0300705
-0.0282468
-0.0263529
-0.0243935
-0.0223734
-0.0202977
-0.0181715
-0.0160002
-0.0137891
-0.0115437
-0.00926956
-0.00697241
-0.00465792
-0.00233186
-6.10436e-18
0
-0.00465792
-0.00930427
-0.0139275
-0.0185161
-0.0230586
-0.0275438
-0.0319606
-0.0362979
-0.0405449
-0.0446912
-0.0487263
-0.0526403
-0.0564234
-0.0600663
-0.0635598
-0.0668953
-0.0700644
-0.0730594
-0.0758728
-0.0784975
-0.0809271
-0.0831554
-0.085177
-0.0869869
-0.0885805
-0.0899539
-0.0911036
-0.0920269
-0.0927213
-0.0931852
-0.0934175
-0.0934175
-0.0931852
-0.0927213
-0.0920269
-0.0911036
-0.0899539
-0.0885805
-0.0869869
-0.085177
-0.0831554
-0.0809271
-0.0784975
-0.0758728
-0.0730594
-0.0700644
-0.0668953
-0.0635598
-0.0600663
-0.0564234
-0.0526403
-0.0487263
-0.0446912
-0.0405449
-0.0362979
-0.0319606
-0.0275438
-0.0230586
-0.0185161
-0.0139275
-0.00930427
-0.00465792
-1.21935e-17
0
-0.00697241
-0.0139275
-0.0208479
-0.0277165
-0.0345163
-0.0412301
-0.0478415
-0.054334
-0.0606914
-0.0668978
-0.072938
-0.0787968
-0.0844597
-0.0899127
-0.0951421
-0.100135
-0.104879
-0.109362
-0.113573
-0.117502
-0.121139
-0.124475
-0.127501
-0.13021
-0.132595
-0.134651
-0.136372
-0.137754
-0.138794
-0.139488
-0.139836
-0.139836
-0.139488
-0.138794
-0.137754
-0.136372
-0.134651
-0.132595
-0.13021
-0.127501
-0.124475
-0.121139
-0.117502
-0.113573
-0.109362
-0.104879
-0.100135
-0.0951421
-0.0899127
-0.0844597
-0.0787968
-0.072938
-0.0668978
-0.0606914
-0.054334
-0.0478415
-0.0412301
-0.0345163
-0.0277165
-0.0208479
-0.0139275
-0.00697241
-1.82524e-17
0
-0.00926956
-0.0185161
-0.0277165
-0.0368481
-0.0458881
-0.0548139
-0.0636035
-0.072235
-0.0806869
-0.0889382
-0.0969683
-0.104757
-0.112286
-0.119536
-0.126488
-0.133126
-0.139433
-0.145393
-0.150991
-0.156215
-0.16105
-0.165484
-0.169508
-0.173109
-0.176281
-0.179014
-0.181302
-0.183139
-0.184521
-0.185444
-0.185907
-0.185907
-0.185444
-0.184521
-0.183139
-0.181302
-0.179014
-0.176281
-0.173109
-0.169508
-0.165484
-0.16105
-0.156215
-0.150991
-0.145393
-0.139433
-0.133126
-0.126488
-0.119536
-0.112286
-0.104757
-0.0969683
-0.0889382
-0.0806869
-0.072235
-0.0636035
-0.0548139
-0.0458881
-0.0368481
-0.0277165
-0.0185161
-0.00926956
-2.42659e-17
0
-0.0115437
-0.0230586
-0.0345163
-0.0458881
-0.0571458
-0.0682615
-0.0792074
-0.0899565
-0.100482
-0.110757
-0.120758
-0.130458
-0.139833
-0.148861
-0.157519
-0.165785
-0.17364
-0.181062
-0.188034
-0.194539
-0.20056
-0.206083
-0.211093
-0.215578
-0.219528
-0.222931
-0.225781
-0.228069
-0.22979
-0.230939
-0.231515
-0.231515
-0.230939
-0.22979
-0.228069
-0.225781
-0.222931
-0.219528
-0.215578
-0.211093
-0.206083
-0.20056
-0.194539
-0.188034
-0.181062
-0.17364
-0.165785
-0.157519
-0.148861
-0.139833
-0.130458
-0.120758
-0.110757
-0.100482
-0.0899565
-0.0792074
-0.0682615
-0.0571458
-0.0458881
-0.0345163
-0.0230586
-0.0115437
-3.02191e-17
0
-0.0137891
-0.0275438
-0.0412301
-0.0548139
-0.0682615
-0.0815393
-0.0946144
-0.107454
-0.120027
-0.132301
-0.144247
-0.155833
-0.167033
-0.177817
-0.188159
-0.198033
-0.207415
-0.216281
-0.22461
-0.23238
-0.239572
-0.246169
-0.252153
-0.257511
-0.262229
-0.266295
-0.269698
-0.272431
-0.274487
-0.27586
-0.276548
-0.276548
-0.27586
-0.274487
-0.272431
-0.269698
-0.266295
-0.262229
-0.257511
-0.252153
-0.246169
-0.239572
-0.23238
-0.22461
-0.216281
-0.207415
-0.198033
-0.188159
-0.177817
-0.167033
-0.155833
-0.144247
-0.132301
-0.120027
-0.107454
-0.0946144
-0.0815393
-0.0682615
-0.0548139
-0.0412301
-0.0275438
-0.0137891
-3.60971e-17
0
-0.0160002
-0.0319606
-0.0478415
-0.0636035
-0.0792074
-0.0946144
-0.109786
-0.124685
-0.139274
-0.153516
-0.167377
-0.180822
-0.193817
-0.20633
-0.218331
-0.229788
-0.240675
-0.250963
-0.260626
-0.269643
-0.277988
-0.285643
-0.292587
-0.298804
-0.304278
-0.308996
-0.312945
-0.316116
-0.318502
-0.320096
-0.320893
-0.320893
-0.320096
-0.318502
-0.316116
-0.312945
-0.308996
-0.304278
-0.298804
-0.292587
-0.285643
-0.277988
-0.269643
-0.260626
-0.250963
-0.240675
-0.229788
-0.218331
-0.20633
-0.193817
-0.180822
-0.167377
-0.153516
-0.139274
-0.124685
-0.109786
-0.0946144
-0.0792074
-0.0636035
-0.0478415
-0.0319606
-0.0160002
-4.18854e-17
0
-0.0181715
-0.0362979
-0.054334
-0.072235
-0.0899565
-0.107454
-0.124685
-0.141606
-0.158174
-0.17435
-0.190091
-0.205361
-0.220119
-0.234331
-0.24796
-0.260972
-0.273336
-0.28502
-0.295995
-0.306235
-0.315713
-0.324407
-0.332293
-0.339354
-0.345571
-0.350929
-0.355414
-0.359016
-0.361725
-0.363535
-0.364441
-0.364441
-0.363535
-0.361725
-0.359016
-0.355414
-0.350929
-0.345571
-0.339354
-0.332293
-0.324407
-0.315713
-0.306235
-0.295995
-0.28502
-0.273336
-0.260972
-0.24796
-0.234331
-0.220119
-0.205361
-0.190091
-0.17435
-0.158174
-0.141606
-0.124685
-0.107454
-0.0899565
-0.072235
-0.054334
-0.0362979
-0.0181715
-4.75695e-17
0
-0.0202977
-0.0405449
-0.0606914
-0.0806869
-0.100482
-0.120027
-0.139274
-0.158174
-0.176681
-0.194749
-0.212333
-0.229389
-0.245875
-0.261749
-0.276972
-0.291507
-0.305318
-0.318369
-0.330628
-0.342066
-0.352653
-0.362364
-0.371173
-0.37906
-0.386005
-0.391989
-0.396999
-0.401023
-0.404049
-0.40607
-0.407082
-0.407082
-0.40607
-0.404049
-0.401023
-0.396999
-0.391989
-0.386005
-0.37906
-0.371173
-0.362364
-0.352653
-0.342066
-0.330628
-0.318369
-0.305318
-0.291507
-0.276972
-0.261749
-0.245875
-0.229389
-0.212333
-0.194749
-0.176681
-0.158174
-0.139274
-0.120027
-0.100482
-0.0806869
-0.0606914
-0.0405449
-0.0202977
-5.31354e-17
0
-0.0223734
-0.0446912
-0.0668978
-0.0889382
-0.110757
-0.132301
-0.153516
-0.17435
-0.194749
-0.214665
-0.234047
-0.252847
-0.271018
-0.288516
-0.305296
-0.321318
-0.33654
-0.350926
-0.36444
-0.377047
-0.388717
-0.39942
-0.409131
-0.417824
-0.425479
-0.432075
-0.437598
-0.442032
-0.445368
-0.447596
-0.448712
-0.448712
-0.447596
-0.445368
-0.442032
-0.437598
-0.432075
-0.425479
-0.417824
-0.409131
-0.39942
-0.388717
-0.377047
-0.36444
-0.350926
-0.33654
-0.321318
-0.305296
-0.288516
-0.271018
-0.252847
-0.234047
-0.214665
-0.194749
-0.17435
-0.153516
-0.132301
-0.110757
-0.0889382
-0.0668978
-0.0446912
-0.0223734
-5.85692e-17
0
-0.0243935
-0.0487263
-0.072938
-0.0969683
-0.120758
-0.144247
-0.167377
-0.190091
-0.212333
-0.234047
-0.255179
-0.275676
-0.295489
-0.314566
-0.332862
-0.350329
-0.366926
-0.382611
-0.397345
-0.41109
-0.423814
-0.435484
-0.446071
-0.455549
-0.463895
-0.471087
-0.477108
-0.481943
-0.48558
-0.488009
-0.489226
-0.489226
-0.488009
-0.48558
-0.481943
-0.477108
-0.471087
-0.463895
-0.455549
-0.446071
-0.435484
-0.423814
-0.41109
-0.397345
-0.382611
-0.366926
-0.350329
-0.332862
-0.314566
-0.295489
-0.275676
-0.255179
-0.234047
-0.212333
-0.190091
-0.167377
-0.144247
-0.120758
-0.0969683
-0.072938
-0.0487263
-0.0243935
-6.38574e-17
0
-0.0263529
-0.0526403
-0.0787968
-0.104757
-0.130458
-0.155833
-0.180822
-0.205361
-0.229389
-0.252847
-0.275676
-0.29782
-0.319224
-0.339834
-0.359599
-0.37847
-0.3964
-0.413345
-0.429262
-0.444111
-0.457857
-0.470464
-0.481902
-0.492142
-0.501158
-0.508928
-0.515432
-0.520656
-0.524585
-0.527209
-0.528523
-0.528523
-0.527209
-0.524585
-0.520656
-0.515432
-0.508928
-0.501158
-0.492142
-0.481902
-0.470464
-0.457857
-0.444111
-0.429262
-0.413345
-0.3964
-0.37847
-0.359599
-0.339834
-0.319224
-0.29782
-0.275676
-0.252847
-0.229389
-0.205361
-0.180822
-0.155833
-0.130458
-0.104757
-0.0787968
-0.0526403
-0.0263529
-6.89868e-17
0
-0.0282468
-0.0564234
-0.0844597
-0.112286
-0.139833
-0.167033
-0.193817
-0.220119
-0.245875
-0.271018
-0.295489
-0.319224
-0.342166
-0.364257
-0.385442
-0.40567
-0.424888
-0.443051
-0.460112
-0.476029
-0.490762
-0.504275
-0.516535
-0.52751
-0.537174
-0.545503
-0.552475
-0.558074
-0.562285
-0.565099
-0.566507
-0.566507
-0.565099
-0.562285
-0.558074
-0.552475
-0.545503
-0.537174
-0.52751
-0.516535
-0.504275
-0.490762
-0.476029
-0.460112
-0.443051
-0.424888
-0.40567
-0.385442
-0.364257
-0.342166
-0.319224
-0.295489
-0.271018
-0.245875
-0.220119
-0.193817
-0.167033
-0.139833
-0.112286
-0.0844597
-0.0564234
-0.0282468
-7.39447e-17
0
-0.0300705
-0.0600663
-0.0899127
-0.119536
-0.148861
-0.177817
-0.20633
-0.234331
-0.261749
-0.288516
-0.314566
-0.339834
-0.364257
-0.387774
-0.410328
-0.431861
-0.45232
-0.471655
-0.489818
-0.506762
-0.522447
-0.536833
-0.549884
-0.561568
-0.571856
-0.580722
-0.588144
-0.594105
-0.598588
-0.601583
-0.603082
-0.603082
-0.601583
-0.598588
-0.594105
-0.588144
-0.580722
-0.571856
-0.561568
-0.549884
-0.536833
-0.522447
-0.506762
-0.489818
-0.471655
-0.45232
-0.431861
-0.410328
-0.387774
-0.364257
-0.339834
-0.314566
-0.288516
-0.261749
-0.234331
-0.20633
-0.177817
-0.148861
-0.119536
-0.0899127
-0.0600663
-0.0300705
-7.87188e-17
0
-0.0318194
-0.0635598
-0.0951421
-0.126488
-0.157519
-0.188159
-0.218331
-0.24796
-0.276972
-0.305296
-0.332862
-0.359599
-0.385442
-0.410328
-0.434193
-0.456978
-0.478628
-0.499087
-0.518306
-0.536236
-0.552833
-0.568055
-0.581866
-0.594229
-0.605115
-0.614497
-0.622351
-0.628658
-0.633402
-0.636571
-0.638158
-0.638158
-0.636571
-0.633402
-0.628658
-0.622351
-0.614497
-0.605115
-0.594229
-0.581866
-0.568055
-0.552833
-0.536236
-0.518306
-0.499087
-0.478628
-0.456978
-0.434193
-0.410328
-0.385442
-0.359599
-0.332862
-0.305296
-0.276972
-0.24796
-0.218331
-0.188159
-0.157519
-0.126488
-0.0951421
-0.0635598
-0.0318194
-8.32971e-17
0
-0.0334893
-0.0668953
-0.100135
-0.133126
-0.165785
-0.198033
-0.229788
-0.260972
-0.291507
-0.321318
-0.350329
-0.37847
-0.40567
-0.431861
-0.456978
-0.480959
-0.503745
-0.525278
-0.545505
-0.564377
-0.581844
-0.597866
-0.612401
-0.625413
-0.636871
-0.646745
-0.655011
-0.661649
-0.666642
-0.669977
-0.671647
-0.671647
-0.669977
-0.666642
-0.661649
-0.655011
-0.646745
-0.636871
-0.625413
-0.612401
-0.597866
-0.581844
-0.564377
-0.545505
-0.525278
-0.503745
-0.480959
-0.456978
-0.431861
-0.40567
-0.37847
-0.350329
-0.321318
-0.291507
-0.260972
-0.229788
-0.198033
-0.165785
-0.133126
-0.100135
-0.0668953
-0.0334893
-8.76684e-17
0
-0.0350758
-0.0700644
-0.104879
-0.139433
-0.17364
-0.207415
-0.240675
-0.273336
-0.305318
-0.33654
-0.366926
-0.3964
-0.424888
-0.45232
-0.478628
-0.503745
-0.52761
-0.550163
-0.571349
-0.591114
-0.609409
-0.62619
-0.641413
-0.655042
-0.667043
-0.677385
-0.686043
-0.692995
-0.698224
-0.701718
-0.703467
-0.703467
-0.701718
-0.698224
-0.692995
-0.686043
-0.677385
-0.667043
-0.655042
-0.641413
-0.62619
-0.609409
-0.591114
-0.571349
-0.550163
-0.52761
-0.503745
-0.478628
-0.45232
-0.424888
-0.3964
-0.366926
-0.33654
-0.305318
-0.273336
-0.240675
-0.207415
-0.17364
-0.139433
-0.104879
-0.0700644
-0.0350758
-9.18217e-17
0
-0.0365752
-0.0730594
-0.109362
-0.145393
-0.181062
-0.216281
-0.250963
-0.28502
-0.318369
-0.350926
-0.382611
-0.413345
-0.443051
-0.471655
-0.499087
-0.525278
-0.550163
-0.573681
-0.595772
-0.616382
-0.635459
-0.652957
-0.668831
-0.683043
-0.695556
-0.70634
-0.715368
-0.722618
-0.728071
-0.731714
-0.733537
-0.733537
-0.731714
-0.728071
-0.722618
-0.715368
-0.70634
-0.695556
-0.683043
-0.668831
-0.652957
-0.635459
-0.616382
-0.595772
-0.573681
-0.550163
-0.525278
-0.499087
-0.471655
-0.443051
-0.413345
-0.382611
-0.350926
-0.318369
-0.28502
-0.250963
-0.216281
-0.181062
-0.145393
-0.109362
-0.0730594
-0.0365752
-9.57467e-17
0
-0.0379836
-0.0758728
-0.113573
-0.150991
-0.188034
-0.22461
-0.260626
-0.295995
-0.330628
-0.36444
-0.397345
-0.429262
-0.460112
-0.489818
-0.518306
-0.545505
-0.571349
-0.595772
-0.618714
-0.640117
-0.659929
-0.678101
-0.694586
-0.709345
-0.72234
-0.73354
-0.742915
-0.750444
-0.756107
-0.75989
-0.761784
-0.761784
-0.75989
-0.756107
-0.750444
-0.742915
-0.73354
-0.72234
-0.709345
-0.694586
-0.678101
-0.659929
-0.640117
-0.618714
-0.595772
-0.571349
-0.545505
-0.518306
-0.489818
-0.460112
-0.429262
-0.397345
-0.36444
-0.330628
-0.295995
-0.260626
-0.22461
-0.188034
-0.150991
-0.113573
-0.0758728
-0.0379836
-9.94337e-17
0
-0.0392976
-0.0784975
-0.117502
-0.156215
-0.194539
-0.23238
-0.269643
-0.306235
-0.342066
-0.377047
-0.41109
-0.444111
-0.476029
-0.506762
-0.536236
-0.564377
-0.591114
-0.616382
-0.640117
-0.662261
-0.682759
-0.701559
-0.718615
-0.733884
-0.747329
-0.758916
-0.768616
-0.776405
-0.782264
-0.786178
-0.788137
-0.788137
-0.786178
-0.782264
-0.776405
-0.768616
-0.758916
-0.747329
-0.733884
-0.718615
-0.701559
-0.682759
-0.662261
-0.640117
-0.616382
-0.591114
-0.564377
-0.536236
-0.506762
-0.476029
-0.444111
-0.41109
-0.377047
-0.342066
-0.306235
-0.269643
-0.23238
-0.194539
-0.156215
-0.117502
-0.0784975
-0.0392976
-1.02874e-16
0
-0.0405139
-0.0809271
-0.121139
-0.16105
-0.20056
-0.239572
-0.277988
-0.315713
-0.352653
-0.388717
-0.423814
-0.457857
-0.490762
-0.522447
-0.552833
-0.581844
-0.609409
-0.635459
-0.659929
-0.682759
-0.703891
-0.723273
-0.740857
-0.756598
-0.770459
-0.782405
-0.792405
-0.800435
-0.806475
-0.81051
-0.81253
-0.81253
-0.81051
-0.806475
-0.800435
-0.792405
-0.782405
-0.770459
-0.756598
-0.740857
-0.723273
-0.703891
-0.682759
-0.659929
-0.635459
-0.609409
-0.581844
-0.552833
-0.522447
-0.490762
-0.457857
-0.423814
-0.388717
-0.352653
-0.315713
-0.277988
-0.239572
-0.20056
-0.16105
-0.121139
-0.0809271
-0.0405139
-1.06058e-16
0
-0.0416295
-0.0831554
-0.124475
-0.165484
-0.206083
-0.246169
-0.285643
-0.324407
-0.362364
-0.39942
-0.435484
-0.470464
-0.504275
-0.536833
-0.568055
-0.597866
-0.62619
-0.652957
-0.678101
-0.701559
-0.723273
-0.743188
-0.761256
-0.777432
-0.791674
-0.803949
-0.814224
-0.822475
-0.828682
-0.832828
-0.834904
-0.834904
-0.832828
-0.828682
-0.822475
-0.814224
-0.803949
-0.791674
-0.777432
-0.761256
-0.743188
-0.723273
-0.701559
-0.678101
-0.652957
-0.62619
-0.597866
-0.568055
-0.536833
-0.504275
-0.470464
-0.435484
-0.39942
-0.362364
-0.324407
-0.285643
-0.246169
-0.206083
-0.165484
-0.124475
-0.0831554
-0.0416295
-1.08978e-16
0
-0.0426415
-0.085177
-0.127501
-0.169508
-0.211093
-0.252153
-0.292587
-0.332293
-0.371173
-0.409131
-0.446071
-0.481902
-0.516535
-0.549884
-0.581866
-0.612401
-0.641413
-0.668831
-0.694586
-0.718615
-0.740857
-0.761256
-0.779764
-0.796332
-0.810921
-0.823494
-0.834019
-0.842471
-0.848828
-0.853075
-0.855202
-0.855202
-0.853075
-0.848828
-0.842471
-0.834019
-0.823494
-0.810921
-0.796332
-0.779764
-0.761256
-0.740857
-0.718615
-0.694586
-0.668831
-0.641413
-0.612401
-0.581866
-0.549884
-0.516535
-0.481902
-0.446071
-0.409131
-0.371173
-0.332293
-0.292587
-0.252153
-0.211093
-0.169508
-0.127501
-0.085177
-0.0426415
-1.11627e-16
0
-0.0435476
-0.0869869
-0.13021
-0.173109
-0.215578
-0.257511
-0.298804
-0.339354
-0.37906
-0.417824
-0.455549
-0.492142
-0.52751
-0.561568
-0.594229
-0.625413
-0.655042
-0.683043
-0.709345
-0.733884
-0.756598
-0.777432
-0.796332
-0.813253
-0.828152
-0.840991
-0.85174
-0.860372
-0.866864
-0.871202
-0.873373
-0.873373
-0.871202
-0.866864
-0.860372
-0.85174
-0.840991
-0.828152
-0.813253
-0.796332
-0.777432
-0.756598
-0.733884
-0.709345
-0.683043
-0.655042
-0.625413
-0.594229
-0.561568
-0.52751
-0.492142
-0.455549
-0.417824
-0.37906
-0.339354
-0.298804
-0.257511
-0.215578
-0.173109
-0.13021
-0.0869869
-0.0435476
-1.13999e-16
0
-0.0443454
-0.0885805
-0.132595
-0.176281
-0.219528
-0.262229
-0.304278
-0.345571
-0.386005
-0.425479
-0.463895
-0.501158
-0.537174
-0.571856
-0.605115
-0.636871
-0.667043
-0.695556
-0.72234
-0.747329
-0.770459
-0.791674
-0.810921
-0.828152
-0.843323
-0.856398
-0.867344
-0.876134
-0.882745
-0.887162
-0.889373
-0.889373
-0.887162
-0.882745
-0.876134
-0.867344
-0.856398
-0.843323
-0.828152
-0.810921
-0.791674
-0.770459
-0.747329
-0.72234
-0.695556
-0.667043
-0.636871
-0.605115
-0.571856
-0.537174
-0.501158
-0.463895
-0.425479
-0.386005
-0.345571
-0.304278
-0.262229
-0.219528
-0.176281
-0.132595
-0.0885805
-0.0443454
-1.16088e-16
0
-0.0450329
-0.0899539
-0.134651
-0.179014
-0.222931
-0.266295
-0.308996
-0.350929
-0.391989
-0.432075
-0.471087
-0.508928
-0.545503
-0.580722
-0.614497
-0.646745
-0.677385
-0.70634
-0.73354
-0.758916
-0.782405
-0.803949
-0.823494
-0.840991
-0.856398
-0.869676
-0.880792
-0.889718
-0.896432
-0.900917
-0.903162
-0.903162
-0.900917
-0.896432
-0.889718
-0.880792
-0.869676
-0.856398
-0.840991
-0.823494
-0.803949
-0.782405
-0.758916
-0.73354
-0.70634
-0.677385
-0.646745
-0.614497
-0.580722
-0.545503
-0.508928
-0.471087
-0.432075
-0.391989
-0.350929
-0.308996
-0.266295
-0.222931
-0.179014
-0.134651
-0.0899539
-0.0450329
-1.17887e-16
0
-0.0456085
-0.0911036
-0.136372
-0.181302
-0.225781
-0.269698
-0.312945
-0.355414
-0.396999
-0.437598
-0.477108
-0.515432
-0.552475
-0.588144
-0.622351
-0.655011
-0.686043
-0.715368
-0.742915
-0.768616
-0.792405
-0.814224
-0.834019
-0.85174
-0.867344
-0.880792
-0.89205
-0.90109
-0.907889
-0.912432
-0.914706
-0.914706
-0.912432
-0.907889
-0.90109
-0.89205
-0.880792
-0.867344
-0.85174
-0.834019
-0.814224
-0.792405
-0.768616
-0.742915
-0.715368
-0.686043
-0.655011
-0.622351
-0.588144
-0.552475
-0.515432
-0.477108
-0.437598
-0.396999
-0.355414
-0.312945
-0.269698
-0.225781
-0.181302
-0.136372
-0.0911036
-0.0456085
-1.19394e-16
0
-0.0460707
-0.0920269
-0.137754
-0.183139
-0.228069
-0.272431
-0.316116
-0.359016
-0.401023
-0.442032
-0.481943
-0.520656
-0.558074
-0.594105
-0.628658
-0.661649
-0.692995
-0.722618
-0.750444
-0.776405
-0.800435
-0.822475
-0.842471
-0.860372
-0.876134
-0.889718
-0.90109
-0.910221
-0.91709
-0.921678
-0.923975
-0.923975
-0.921678
-0.91709
-0.910221
-0.90109
-0.889718
-0.876134
-0.860372
-0.842471
-0.822475
-0.800435
-0.776405
-0.750444
-0.722618
-0.692995
-0.661649
-0.628658
-0.594105
-0.558074
-0.520656
-0.481943
-0.442032
-0.401023
-0.359016
-0.316116
-0.272431
-0.228069
-0.183139
-0.137754
-0.0920269
-0.0460707
-1.20604e-16
0
-0.0464184
-0.0927213
-0.138794
-0.184521
-0.22979
-0.274487
-0.318502
-0.361725
-0.404049
-0.445368
-0.48558
-0.524585
-0.562285
-0.598588
-0.633402
-0.666642
-0.698224
-0.728071
-0.756107
-0.782264
-0.806475
-0.828682
-0.848828
-0.866864
-0.882745
-0.896432
-0.907889
-0.91709
-0.92401
-0.928633
-0.930948
-0.930948
-0.928633
-0.92401
-0.91709
-0.907889
-0.896432
-0.882745
-0.866864
-0.848828
-0.828682
-0.806475
-0.782264
-0.756107
-0.728071
-0.698224
-0.666642
-0.633402
-0.598588
-0.562285
-0.524585
-0.48558
-0.445368
-0.404049
-0.361725
-0.318502
-0.274487
-0.22979
-0.184521
-0.138794
-0.0927213
-0.0464184
-1.21514e-16
0
-0.0466506
-0.0931852
-0.139488
-0.185444
-0.230939
-0.27586
-0.320096
-0.363535
-0.40607
-0.447596
-0.488009
-0.527209
-0.565099
-0.601583
-0.636571
-0.669977
-0.701718
-0.731714
-0.75989
-0.786178
-0.81051
-0.832828
-0.853075
-0.871202
-0.887162
-0.900917
-0.912432
-0.921678
-0.928633
-0.93328
-0.935606
-0.935606
-0.93328
-0.928633
-0.921678
-0.912432
-0.900917
-0.887162
-0.871202
-0.853075
-0.832828
-0.81051
-0.786178
-0.75989
-0.731714
-0.701718
-0.669977
-0.636571
-0.601583
-0.565099
-0.527209
-0.488009
-0.447596
-0.40607
-0.363535
-0.320096
-0.27586
-0.230939
-0.185444
-0.139488
-0.0931852
-0.0466506
-1.22122e-16
0
-0.0467669
-0.0934175
-0.139836
-0.185907
-0.231515
-0.276548
-0.320893
-0.364441
-0.407082
-0.448712
-0.489226
-0.528523
-0.566507
-0.603082
-0.638158
-0.671647
-0.703467
-0.733537
-0.761784
-0.788137
-0.81253
-0.834904
-0.855202
-0.873373
-0.889373
-0.903162
-0.914706
-0.923975
-0.930948
-0.935606
-0.937938
-0.937938
-0.935606
-0.930948
-0.923975
-0.914706
-0.903162
-0.889373
-0.873373
-0.855202
-0.834904
-0.81253
-0.788137
-0.761784
-0.733537
-0.703467
-0.671647
-0.638158
-0.603082
-0.566507
-0.528523
-0.489226
-0.448712
-0.407082
-0.364441
-0.320893
-0.276548
-0.231515
-0.185907
-0.139836
-0.0934175
-0.0467669
-1.22427e-16
0
-0.0467669
-0.0934175
-0.139836
-0.185907
-0.231515
-0.276548
-0.320893
-0.364441
-0.407082
-0.448712
-0.489226
-0.528523
-0.566507
-0.603082
-0.638158
-0.671647
-0.703467
-0.733537
-0.761784
-0.788137
-0.81253
-0.834904
-0.855202
-0.873373
-0.889373
-0.903162
-0.914706
-0.923975
-0.930948
-0.935606
-0.937938
-0.937938
-0.935606
-0.930948
-0.923975
-0.914706
-0.903162
-0.889373
-0.873373
-0.855202
-0.834904
-0.81253
-0.788137
-0.761784
-0.733537
-0.703467
-0.671647
-0.638158
-0.603082
-0.566507
-0.528523
-0.489226
-0.448712
-0.407082
-0.364441
-0.320893
-0.276548
-0.231515
-0.185907
-0.139836
-0.0934175
-0.0467669
-1.22427e-16
0
-0.0466506
-0.0931852
-0.139488
-0.185444
-0.230939
-0.27586
-0.320096
-0.363535
-0.40607
-0.447596
-0.488009
-0.527209
-0.565099
-0.601583
-0.636571
-0.669977
-0.701718
-0.731714
-0.75989
-0.786178
-0.81051
-0.832828
-0.853075
-0.871202
-0.887162
-0.900917
-0.912432
-0.921678
-0.928633
-0.93328
-0.935606
-0.935606
-0.93328
-0.928633
-0.921678
-0.912432
-0.900917
-0.887162
-0.871202
-0.853075
-0.832828
-0.81051
-0.786178
-0.75989
-0.731714
-0.701718
-0.669977
-0.636571
-0.601583
-0.565099
-0.527209
-0.488009
-0.447596
-0.40607
-0.363535
-0.320096
-0.27586
-0.230939
-0.185444
-0.139488
-0.0931852
-0.0466506
-1.22122e-16
0
-0.0464184
-0.0927213
-0.138794
-0.184521
-0.22979
-0.274487
-0.318502
-0.361725
-0.404049
-0.445368
-0.48558
-0.524585
-0.562285
-0.598588
-0.633402
-0.666642
-0.698224
-0.728071
-0.756107
-0.782264
-0.806475
-0.828682
-0.848828
-0.866864
-0.882745
-0.896432
-0.907889
-0.91709
-0.92401
-0.928633
-0.930948
-0.930948
-0.928633
-0.92401
-0.91709
-0.907889
-0.896432
-0.882745
-0.866864
-0.848828
-0.828682
-0.806475
-0.782264
-0.756107
-0.728071
-0.698224
-0.666642
-0.633402
-0.598588
-0.562285
-0.524585
-0.48558
-0.445368
-0.404049
-0.361725
-0.318502
-0.274487
-0.22979
-0.184521
-0.138794
-0.0927213
-0.0464184
-1.21514e-16
0
-0.0460707
-0.0920269
-0.137754
-0.183139
-0.228069
-0.272431
-0.316116
-0.359016
-0.401023
-0.442032
-0.481943
-0.520656
-0.558074
-0.594105
-0.628658
-0.661649
-0.692995
-0.722618
-0.750444
-0.776405
-0.800435
-0.822475
-0.842471
-0.860372
-0.876134
-0.889718
-0.90109
-0.910221
-0.91709
-0.921678
-0.923975
-0.923975
-0.921678
-0.91709
-0.910221
-0.90109
-0.889718
-0.876134
-0.860372
-0.842471
-0.822475
-0.800435
-0.776405
-0.750444
-0.722618
-0.692995
-0.661649
-0.628658
-0.594105
-0.558074
-0.520656
-0.481943
-0.442032
-0.401023
-0.359016
-0.316116
-0.272431
-0.228069
-0.183139
-0.137754
-0.0920269
-0.0460707
-1.20604e-16
0
-0.0456085
-0.0911036
-0.136372
-0.181302
-0.225781
-0.269698
-0.312945
-0.355414
-0.396999
-0.437598
-0.477108
-0.515432
-0.552475
-0.588144
-0.622351
-0.655011
-0.686043
-0.715368
-0.742915
-0.768616
-0.792405
-0.814224
-0.834019
-0.85174
-0.867344
-0.880792
-0.89205
-0.90109
-0.907889
-0.912432
-0.914706
-0.914706
-0.912432
-0.907889
-0.90109
-0.89205
-0.880792
-0.867344
-0.85174
-0.834019
-0.814224
-0.792405
-0.768616
-0.742915
-0.715368
-0.686043
-0.655011
-0.622351
-0.588144
-0.552475
-0.515432
-0.477108
-0.437598
-0.396999
-0.355414
-0.312945
-0.269698
-0.225781
-0.181302
-0.136372
-0.0911036
-0.0456085
-1.19394e-16
0
-0.0450329
-0.0899539
-0.134651
-0.179014
-0.222931
-0.266295
-0.308996
-0.350929
-0.391989
-0.432075
-0.471087
-0.508928
-0.545503
-0.580722
-0.614497
-0.646745
-0.677385
-0.70634
-0.73354
-0.758916
-0.782405
-0.803949
-0.823494
-0.840991
-0.856398
-0.869676
-0.880792
-0.889718
-0.896432
-0.900917
-0.903162
-0.903162
-0.900917
-0.896432
-0.889718
-0.880792
-0.869676
-0.856398
-0.840991
-0.823494
-0.803949
-0.782405
-0.758916
-0.73354
-0.70634
-0.677385
-0.646745
-0.614497
-0.580722
-0.545503
-0.508928
-0.471087
-0.432075
-0.391989
-0.350929
-0.308996
-0.266295
-0.222931
-0.179014
-0.134651
-0.0899539
-0.0450329
-1.17887e-16
0
-0.0443454
-0.0885805
-0.132595
-0.176281
-0.219528
-0.262229
-0.304278
-0.345571
-0.386005
-0.425479
-0.463895
-0.501158
-0.537174
-0.571856
-0.605115
-0.636871
-0.667043
-0.695556
-0.72234
-0.747329
-0.770459
-0.791674
-0.810921
-0.828152
-0.843323
-0.856398
-0.867344
-0.876134
-0.882745
-0.887162
-0.889373
-0.889373
-0.887162
-0.882745
-0.876134
-0.867344
-0.856398
-0.843323
-0.828152
-0.810921
-0.791674
-0.770459
-0.747329
-0.72234
-0.695556
-0.667043
-0.636871
-0.605115
-0.571856
-0.537174
-0.501158
-0.463895
-0.425479
-0.386005
-0.345571
-0.304278
-0.262229
-0.219528
-0.176281
-0.132595
-0.0885805
-0.0443454
-1.16088e-16
0
-0.0435476
-0.0869869
-0.13021
-0.173109
-0.215578
-0.257511
-0.298804
-0.339354
-0.37906
-0.417824
-0.455549
-0.492142
-0.52751
-0.561568
-0.594229
-0.625413
-0.655042
-0.683043
-0.709345
-0.733884
-0.756598
-0.777432
-0.796332
-0.813253
-0.828152
-0.840991
-0.85174
-0.860372
-0.866864
-0.871202
-0.873373
-0.873373
-0.871202
-0.866864
-0.860372
-0.85174
-0.840991
-0.828152
-0.813253
-0.796332
-0.777432
-0.756598
-0.733884
-0.709345
-0.683043
-0.655042
-0.625413
-0.594229
-0.561568
-0.52751
-0.492142
-0.455549
-0.417824
-0.37906
-0.339354
-0.298804
-0.257511
-0.215578
-0.173109
-0.13021
-0.0869869
-0.0435476
-1.13999e-16
0
-0.0426415
-0.085177
-0.127501
-0.169508
-0.211093
-0.252153
-0.292587
-0.332293
-0.371173
-0.409131
-0.446071
-0.481902
-0.516535
-0.549884
-0.581866
-0.612401
-0.641413
-0.668831
-0.694586
-0.718615
-0.740857
-0.761256
-0.779764
-0.796332
-0.810921
-0.823494
-0.834019
-0.842471
-0.848828
-0.853075
-0.855202
-0.855202
-0.853075
-0.848828
-0.842471
-0.834019
-0.823494
-0.810921
-0.796332
-0.779764
-0.761256
-0.740857
-0.718615
-0.694586
-0.668831
-0.641413
-0.612401
-0.581866
-0.549884
-0.516535
-0.481902
-0.446071
-0.409131
-0.371173
-0.332293
-0.292587
-0.252153
-0.211093
-0.169508
-0.127501
-0.085177
-0.0426415
-1.11627e-16
0
-0.0416295
-0.0831554
-0.124475
-0.165484
-0.206083
-0.246169
-0.285643
-0.324407
-0.362364
-0.39942
-0.435484
-0.470464
-0.504275
-0.536833
-0.568055
-0.597866
-0.62619
-0.652957
-0.678101
-0.701559
-0.723273
-0.743188
-0.761256
-0.777432
-0.791674
-0.803949
-0.814224
-0.822475
-0.828682
-0.832828
-0.834904
-0.834904
-0.832828
-0.828682
-0.822475
-0.814224
-0.803949
-0.791674
-0.777432
-0.761256
-0.743188
-0.723273
-0.701559
-0.678101
-0.652957
-0.62619
-0.597866
-0.568055
-0.536833
-0.504275
-0.470464
-0.435484
-0.39942
-0.362364
-0.324407
-0.285643
-0.246169
-0.206083
-0.165484
-0.124475
-0.0831554
-0.0416295
-1.08978e-16
0
-0.0405139
-0.0809271
-0.121139
-0.16105
-0.20056
-0.239572
-0.277988
-0.315713
-0.352653
-0.388717
-0.423814
-0.457857
-0.490762
-0.522447
-0.552833
-0.581844
-0.609409
-0.635459
-0.659929
-0.682759
-0.703891
-0.723273
-0.740857
-0.756598
-0.770459
-0.782405
-0.792405
-0.800435
-0.806475
-0.81051
-0.81253
-0.81253
-0.81051
-0.806475
-0.800435
-0.792405
-0.782405
-0.770459
-0.756598
-0.740857
-0.723273
-0.703891
-0.682759
-0.659929
-0.635459
-0.609409
-0.581844
-0.552833
-0.522447
-0.490762
-0.457857
-0.423814
-0.388717
-0.352653
-0.315713
-0.277988
-0.239572
-0.20056
-0.16105
-0.121139
-0.0809271
-0.0405139
-1.06058e-16
0
-0.0392976
-0.0784975
-0.117502
-0.156215
-0.194539
-0.23238
-0.269643
-0.306235
-0.342066
-0.377047
-0.41109
-0.444111
-0.476029
-0.506762
-0.536236
-0.564377
-0.591114
-0.616382
-0.640117
-0.662261
-0.682759
-0.701559
-0.718615
-0.733884
-0.747329
-0.758916
-0.768616
-0.776405
-0.782264
-0.786178
-0.788137
-0.788137
-0.786178
-0.782264
-0.776405
-0.768616
-0.758916
-0.747329
-0.733884
-0.718615
-0.701559
-0.682759
-0.662261
-0.640117
-0.616382
-0.591114
-0.564377
-0.536236
-0.506762
-0.476029
-0.444111
-0.41109
-0.377047
-0.342066
-0.306235
-0.269643
-0.23238
-0.194539
-0.156215
-0.117502
-0.0784975
-0.0392976
-1.02874e-16
0
-0.0379836
-0.0758728
-0.113573
-0.150991
-0.188034
-0.22461
-0.260626
-0.295995
-0.330628
-0.36444
-0.397345
-0.429262
-0.460112
-0.489818
-0.518306
-0.545505
-0.571349
-0.595772
-0.618714
-0.640117
-0.659929
-0.678101
-0.694586
-0.709345
-0.72234
-0.73354
-0.742915
-0.750444
-0.756107
-0.75989
-0.761784
-0.761784
-0.75989
-0.756107
-0.750444
-0.742915
-0.73354
-0.72234
-0.709345
-0.694586
-0.678101
-0.659929
-0.640117
-0.618714
-0.595772
-0.571349
-0.545505
-0.518306
-0.489818
-0.460112
-0.429262
-0.397345
-0.36444
-0.330628
-0.295995
-0.260626
-0.22461
-0.188034
-0.150991
-0.113573
-0.0758728
-0.0379836
-9.94337e-17
0
-0.0365752
-0.0730594
-0.109362
-0.145393
-0.181062
-0.216281
-0.250963
-0.28502
-0.318369
-0.350926
-0.382611
-0.413345
-0.443051
-0.471655
-0.499087
-0.525278
-0.550163
-0.573681
-0.595772
-0.616382
-0.635459
-0.652957
-0.668831
-0.683043
-0.695556
-0.70634
-0.715368
-0.722618
-0.728071
-0.731714
-0.733537
-0.733537
-0.731714
-0.728071
-0.722618
-0.715368
-0.70634
-0.695556
-0.683043
-0.668831
-0.652957
-0.635459
-0.616382
-0.595772
-0.573681
-0.550163
-0.525278
-0.499087
-0.471655
-0.443051
-0.413345
-0.382611
-0.350926
-0.318369
-0.28502
-0.250963
-0.216281
-0.181062
-0.145393
-0.109362
-0.0730594
-0.0365752
-9.57467e-17
0
-0.0350758
-0.0700644
-0.104879
-0.139433
-0.17364
-0.207415
-0.240675
-0.273336
-0.305318
-0.33654
-0.366926
-0.3964
-0.424888
-0.45232
-0.478628
-0.503745
-0.52761
-0.550163
-0.571349
-0.591114
-0.609409
-0.62619
-0.641413
-0.655042
-0.667043
-0.677385
-0.686043
-0.692995
-0.698224
-0.701718
-0.703467
-0.703467
-0.701718
-0.698224
-0.692995
-0.686043
-0.677385
-0.667043
-0.655042
-0.641413
-0.62619
-0.609409
-0.591114
-0.571349
-0.550163
-0.52761
-0.503745
-0.478628
-0.45232
-0.424888
-0.3964
-0.366926
-0.33654
-0.305318
-0.273336
-0.240675
-0.207415
-0.17364
-0.139433
-0.104879
-0.0700644
-0.0350758
-9.18217e-17
0
-0.0334893
-0.0668953
-0.100135
-0.133126
-0.165785
-0.198033
-0.229788
-0.260972
-0.291507
-0.321318
-0.350329
-0.37847
-0.40567
-0.431861
-0.456978
-0.480959
-0.503745
-0.525278
-0.545505
-0.564377
-0.581844
-0.597866
-0.612401
-0.625413
-0.636871
-0.646745
-0.655011
-0.661649
-0.666642
-0.669977
-0.671647
-0.671647
-0.669977
-0.666642
-0.661649
-0.655011
-0.646745
-0.636871
-0.625413
-0.612401
-0.597866
-0.581844
-0.564377
-0.545505
-0.525278
-0.503745
-0.480959
-0.456978
-0.431861
-0.40567
-0.37847
-0.350329
-0.321318
-0.291507
-0.260972
-0.229788
-0.198033
-0.165785
-0.133126
-0.100135
-0.0668953
-0.0334893
-8.76684e-17
0
-0.0318194
-0.0635598
-0.0951421
-0.126488
-0.157519
-0.188159
-0.218331
-0.24796
-0.276972
-0.305296
-0.332862
-0.359599
-0.385442
-0.410328
-0.434193
-0.456978
-0.478628
-0.499087
-0.518306
-0.536236
-0.552833
-0.568055
-0.581866
-0.594229
-0.605115
-0.614497
-0.622351
-0.628658
-0.633402
-0.636571
-0.638158
-0.638158
-0.636571
-0.633402
-0.628658
-0.622351
-0.614497
-0.605115
-0.594229
-0.581866
-0.568055
-0.552833
-0.536236
-0.518306
-0.499087
-0.478628
-0.456978
-0.434193
-0.410328
-0.385442
-0.359599
-0.332862
-0.305296
-0.276972
-0.24796
-0.218331
-0.188159
-0.157519
-0.126488
-0.0951421
-0.0635598
-0.0318194
-8.32971e-17
0
-0.0300705
-0.0600663
-0.0899127
-0.119536
-0.148861
-0.177817
-0.20633
-0.234331
-0.261749
-0.288516
-0.314566
-0.339834
-0.364257
-0.387774
-0.410328
-0.431861
-0.45232
-0.471655
-0.489818
-0.506762
-0.522447
-0.536833
-0.549884
-0.561568
-0.571856
-0.580722
-0.588144
-0.594105
-0.598588
-0.601583
-0.603082
-0.603082
-0.601583
-0.598588
-0.594105
-0.588144
-0.580722
-0.571856
-0.561568
-0.549884
-0.536833
-0.522447
-0.506762
-0.489818
-0.471655
-0.45232
-0.431861
-0.410328
-0.387774
-0.364257
-0.339834
-0.314566
-0.288516
-0.261749
-0.234331
-0.20633
-0.177817
-0.148861
-0.119536
-0.0899127
-0.0600663
-0.0300705
-7.87188e-17
0
-0.0282468
-0.0564234
-0.0844597
-0.112286
-0.139833
-0.167033
-0.193817
-0.220119
-0.245875
-0.271018
-0.295489
-0.319224
-0.342166
-0.364257
-0.385442
-0.40567
-0.424888
-0.443051
-0.460112
-0.476029
-0.490762
-0.504275
-0.516535
-0.52751
-0.537174
-0.545503
-0.552475
-0.558074
-0.562285
-0.565099
-0.566507
-0.566507
-0.565099
-0.562285
-0.558074
-0.552475
-0.545503
-0.537174
-0.52751
-0.516535
-0.504275
-0.490762
-0.476029
-0.460112
-0.443051
-0.424888
-0.40567
-0.385442
-0.364257
-0.342166
-0.319224
-0.295489
-0.271018
-0.245875
-0.220119
-0.193817
-0.167033
-0.139833
-0.112286
-0.0844597
-0.0564234
-0.0282468
-7.39447e-17
0
-0.0263529
-0.0526403
-0.0787968
-0.104757
-0.130458
-0.155833
-0.180822
-0.205361
-0.229389
-0.252847
-0.275676
-0.29782
-0.319224
-0.339834
-0.359599
-0.37847
-0.3964
-0.413345
-0.429262
-0.444111
-0.457857
-0.470464
-0.481902
-0.492142
-0.501158
-0.508928
-0.515432
-0.520656
-0.524585
-0.527209
-0.528523
-0.528523
-0.527209
-0.524585
-0.520656
-0.515432
-0.508928
-0.501158
-0.492142
-0.481902
-0.470464
-0.457857
-0.444111
-0.429262
-0.413345
-0.3964
-0.37847
-0.359599
-0.339834
-0.319224
-0.29782
-0.275676
-0.252847
-0.229389
-0.205361
-0.180822
-0.155833
-0.130458
-0.104757
-0.0787968
-0.0526403
-0.0263529
-6.89868e-17
0
-0.0243935
-0.0487263
-0.072938
-0.0969683
-0.120758
-0.144247
-0.167377
-0.190091
-0.212333
-0.234047
-0.255179
-0.275676
-0.295489
-0.314566
-0.332862
-0.350329
-0.366926
-0.382611
-0.397345
-0.41109
-0.423814
-0.435484
-0.446071
-0.455549
-0.463895
-0.471087
-0.477108
-0.481943
-0.48558
-0.488009
-0.489226
-0.489226
-0.488009
-0.48558
-0.481943
-0.477108
-0.471087
-0.463895
-0.455549
-0.446071
-0.435484
-0.423814
-0.41109
-0.397345
-0.382611
-0.366926
-0.350329
-0.332862
-0.314566
-0.295489
-0.275676
-0.255179
-0.234047
-0.212333
-0.190091
-0.167377
-0.144247
-0.120758
-0.0969683
-0.072938
-0.0487263
-0.0243935
-6.38574e-17
0
-0.0223734
-0.0446912
-0.0668978
-0.0889382
-0.110757
-0.132301
-0.153516
-0.17435
-0.194749
-0.214665
-0.234047
-0.252847
-0.271018
-0.288516
-0.305296
-0.321318
-0.33654
-0.350926
-0.36444
-0.377047
-0.388717
-0.39942
-0.409131
-0.417824
-0.425479
-0.432075
-0.437598
-0.442032
-0.445368
-0.447596
-0.448712
-0.448712
-0.447596
-0.445368
-0.442032
-0.437598
-0.432075
-0.425479
-0.417824
-0.409131
-0.39942
-0.388717
-0.377047
-0.36444
-0.350926
-0.33654
-0.321318
-0.305296
-0.288516
-0.271018
-0.252847
-0.234047
-0.214665
-0.194749
-0.17435
-0.153516
-0.132301
-0.110757
-0.0889382
-0.0668978
-0.0446912
-0.0223734
-5.85692e-17
0
-0.0202977
-0.0405449
-0.0606914
-0.0806869
-0.100482
-0.120027
-0.139274
-0.158174
-0.176681
-0.194749
-0.212333
-0.229389
-0.245875
-0.261749
-0.276972
-0.291507
-0.305318
-0.318369
-0.330628
-0.342066
-0.352653
-0.362364
-0.371173
-0.37906
-0.386005
-0.391989
-0.396999
-0.401023
-0.404049
-0.40607
-0.407082
-0.407082
-0.40607
-0.404049
-0.401023
-0.396999
-0.391989
-0.386005
-0.37906
-0.371173
-0.362364
-0.352653
-0.342066
-0.330628
-0.318369
-0.305318
-0.291507
-0.276972
-0.261749
-0.245875
-0.229389
-0.212333
-0.194749
-0.176681
-0.158174
-0.139274
-0.120027
-0.100482
-0.0806869
-0.0606914
-0.0405449
-0.0202977
-5.31354e-17
0
-0.0181715
-0.0362979
-0.054334
-0.072235
-0.0899565
-0.107454
-0.124685
-0.141606
-0.158174
-0.17435
-0.190091
-0.205361
-0.220119
-0.234331
-0.24796
-0.260972
-0.273336
-0.28502
-0.295995
-0.306235
-0.315713
-0.324407
-0.332293
-0.339354
-0.345571
-0.350929
-0.355414
-0.359016
-0.361725
-0.363535
-0.364441
-0.364441
-0.363535
-0.361725
-0.359016
-0.355414
-0.350929
-0.345571
-0.339354
-0.332293
-0.324407
-0.315713
-0.306235
-0.295995
-0.28502
-0.273336
-0.260972
-0.24796
-0.234331
-0.220119
-0.205361
-0.190091
-0.17435
-0.158174
-0.141606
-0.124685
-0.107454
-0.0899565
-0.072235
-0.054334
-0.0362979
-0.0181715
-4.75695e-17
0
-0.0160002
-0.0319606
-0.0478415
-0.0636035
-0.0792074
-0.0946144
-0.109786
-0.124685
-0.139274
-0.153516
-0.167377
-0.180822
-0.193817
-0.20633
-0.218331
-0.229788
-0.240675
-0.250963
-0.260626
-0.269643
-0.277988
-0.285643
-0.292587
-0.298804
-0.304278
-0.308996
-0.312945
-0.316116
-0.318502
-0.320096
-0.320893
-0.320893
-0.320096
-0.318502
-0.316116
-0.312945
-0.308996
-0.304278
-0.298804
-0.292587
-0.285643
-0.277988
-0.269643
-0.260626
-0.250963
-0.240675
-0.229788
-0.218331
-0.20633
-0.193817
-0.180822
-0.167377
-0.153516
-0.139274
-0.124685
-0.109786
-0.0946144
-0.0792074
-0.0636035
-0.0478415
-0.0319606
-0.0160002
-4.18854e-17
0
-0.0137891
-0.0275438
-0.0412301
-0.0548139
-0.0682615
-0.0815393
-0.0946144
-0.107454
-0.120027
-0.132301
-0.144247
-0.155833
-0.167033
-0.177817
-0.188159
-0.198033
-0.207415
-0.216281
-0.22461
-0.23238
-0.239572
-0.246169
-0.252153
-0.257511
-0.262229
-0.266295
-0.269698
-0.272431
-0.274487
-0.27586
-0.276548
-0.276548
-0.27586
-0.274487
-0.272431
-0.269698
-0.266295
-0.262229
-0.257511
-0.252153
-0.246169
-0.239572
-0.23238
-0.22461
-0.216281
-0.207415
-0.198033
-0.188159
-0.177817
-0.167033
-0.155833
-0.144247
-0.132301
-0.120027
-0.107454
-0.0946144
-0.0815393
-0.0682615
-0.0548139
-0.0412301
-0.0275438
-0.0137891
-3.60971e-17
0
-0.0115437
-0.0230586
-0.0345163
-0.0458881
-0.0571458
-0.0682615
-0.0792074
-0.0899565
-0.100482
-0.110757
-0.120758
-0.130458
-0.139833
-0.148861
-0.157519
-0.165785
-0.17364
-0.181062
-0.188034
-0.194539
-0.20056
-0.206083
-0.211093
-0.215578
-0.219528
-0.222931
-0.225781
-0.228069
-0.22979
-0.230939
-0.231515
-0.231515
-0.230939
-0.22979
-0.228069
-0.225781
-0.222931
-0.219528
-0.215578
-0.211093
-0.206083
-0.20056
-0.194539
-0.188034
-0.181062
-0.17364
-0.165785
-0.157519
-0.148861
-0.139833
-0.130458
-0.120758
-0.110757
-0.100482
-0.0899565
-0.0792074
-0.0682615
-0.0571458
-0.0458881
-0.0345163
-0.0230586
-0.0115437
-3.02191e-17
0
-0.00926956
-0.0185161
-0.0277165
-0.0368481
-0.0458881
-0.0548139
-0.0636035
-0.072235
-0.0806869
-0.0889382
-0.0969683
-0.104757
-0.112286
-0.119536
-0.126488
-0.133126
-0.139433
-0.145393
-0.150991
-0.156215
-0.16105
-0.165484
-0.169508
-0.173109
-0.176281
-0.179014
-0.181302
-0.183139
-0.184521
-0.185444
-0.185907
-0.185907
-0.185444
-0.184521
-0.183139
-0.181302
-0.179014
-0.176281
-0.173109
-0.169508
-0.165484
-0.16105
-0.156215
-0.150991
-0.145393
-0.139433
-0.133126
-0.126488
-0.119536
-0.112286
-0.104757
-0.0969683
-0.0889382
-0.0806869
-0.072235
-0.0636035
-0.0548139
-0.0458881
-0.0368481
-0.0277165
-0.0185161
-0.00926956
-2.42659e-17
0
-0.00697241
-0.0139275
-0.0208479
-0.0277165
-0.0345163
-0.0412301
-0.0478415
-0.054334
-0.0606914
-0.0668978
-0.072938
-0.0787968
-0.0844597
-0.0899127
-0.0951421
-0.100135
-0.104879
-0.109362
-0.113573
-0.117502
-0.121139
-0.124475
-0.127501
-0.13021
-0.132595
-0.134651
-0.136372
-0.137754
-0.138794
-0.139488
-0.139836
-0.139836
-0.139488
-0.138794
-0.137754
-0.136372
-0.134651
-0.132595
-0.13021
-0.127501
-0.124475
-0.121139
-0.117502
-0.113573
-0.109362
-0.104879
-0.100135
-0.0951421
-0.0899127
-0.0844597
-0.0787968
-0.072938
-0.0668978
-0.0606914
-0.054334
-0.0478415
-0.0412301
-0.0345163
-0.0277165
-0.0208479
-0.0139275
-0.00697241
-1.82524e-17
0
-0.00465792
-0.00930427
-0.0139275
-0.0185161
-0.0230586
-0.0275438
-0.0319606
-0.0362979
-0.0405449
-0.0446912
-0.0487263
-0.0526403
-0.0564234
-0.0600663
-0.0635598
-0.0668953
-0.0700644
-0.0730594
-0.0758728
-0.0784975
-0.0809271
-0.0831554
-0.085177
-0.0869869
-0.0885805
-0.0899539
-0.0911036
-0.0920269
-0.0927213
-0.0931852
-0.0934175
-0.0934175
-0.0931852
-0.0927213
-0.0920269
-0.0911036
-0.0899539
-0.0885805
-0.0869869
-0.085177
-0.0831554
-0.0809271
-0.0784975
-0.0758728
-0.0730594
-0.0700644
-0.0668953
-0.0635598
-0.0600663
-0.0564234
-0.0526403
-0.0487263
-0.0446912
-0.0405449
-0.0362979
-0.0319606
-0.0275438
-0.0230586
-0.0185161
-0.0139275
-0.00930427
-0.00465792
-1.21935e-17
0
-0.00233186
-0.00465792
-0.00697241
-0.00926956
-0.0115437
-0.0137891
-0.0160002
-0.0181715
-0.0202977
-0.0223734
-0.0243935
-0.0263529
-0.0282468
-0.0300705
-0.0318194
-0.0334893
-0.0350758
-0.0365752
-0.0379836
-0.0392976
-0.0405139
-0.0416295
-0.0426415
-0.0435476
-0.0443454
-0.0450329
-0.0456085
-0.0460707
-0.0464184
-0.0466506
-0.0467669
-0.0467669
-0.0466506
-0.0464184
-0.0460707
-0.0456085
-0.0450329
-0.0443454
-0.0435476
-0.0426415
-0.0416295
-0.0405139
-0.0392976
-0.0379836
-0.0365752
-0.0350758
-0.0334893
-0.0318194
-0.0300705
-0.0282468
-0.0263529
-0.0243935
-0.0223734
-0.0202977
-0.0181715
-0.0160002
-0.0137891
-0.0115437
-0.00926956
-0.00697241
-0.00465792
-0.00233186
-6.10436e-18
0
-6.10436e-18
-1.21935e-17
-1.82524e-17
-2.42659e-17
-3.02191e-17
-3.60971e-17
-4.18854e-17
-4.75695e-17
-5.31354e-17
-5.85692e-17
-6.38574e-17
-6.89868e-17
-7.39447e-17
-7.87188e-17
-8.32971e-17
-8.76684e-17
-9.18217e-17
-9.57467e-17
-9.94337e-17
-1.02874e-16
-1.06058e-16
-1.08978e-16
-1.11627e-16
-1.13999e-16
-1.16088e-16
-1.17887e-16
-1.19394e-16
-1.20604e-16
-1.21514e-16
-1.22122e-16
-1.22427e-16
-1.22427e-16
-1.22122e-16
-1.21514e-16
-1.20604e-16
-1.19394e-16
-1.17887e-16
-1.16088e-16
-1.13999e-16
-1.11627e-16
-1.08978e-16
-1.06058e-16
-1.02874e-16
-9.94337e-17
-9.57467e-17
-9.18217e-17
-8.76684e-17
-8.32971e-17
-7.87188e-17
-7.39447e-17
-6.89868e-17
-6.38574e-17
-5.85692e-17
-5.31354e-17
-4.75695e-17
-4.18854e-17
-3.60971e-17
-3.02191e-17
-2.42659e-17
-1.82524e-17
-1.21935e-17
-6.10436e-18
-1.49976e-32
